J.D.-2400000	JD_UTC	Source_AMag_T1	Source_AMag_Err_T1
56092.494994	2456092.494994	12.359364	0.013551
56092.495098	2456092.495098	12.349630	0.013492
56092.495191	2456092.495191	12.359586	0.013436
56098.470608	2456098.470608	12.354990	0.014225
56098.470712	2456098.470712	12.352654	0.014126
56098.470804	2456098.470804	12.332604	0.013830
56099.470422	2456099.470422	12.302768	0.016131
56100.470573	2456100.470573	12.325615	0.013452
56100.470700	2456100.470700	12.349056	0.013777
56100.470804	2456100.470804	12.263593	0.012629
56101.470457	2456101.470457	12.314930	0.013662
56101.470561	2456101.470561	12.345114	0.014221
56101.470654	2456101.470654	12.208478	0.012420
56102.470758	2456102.470758	12.372816	0.014006
56102.470862	2456102.470862	12.377150	0.014002
56102.470955	2456102.470955	12.370969	0.014044
56103.470955	2456103.470955	12.368679	0.013401
56103.471047	2456103.471047	12.355092	0.013374
56103.471140	2456103.471140	12.350034	0.013416
56104.645666	2456104.645666	12.427761	0.013682
56104.645758	2456104.645758	12.371906	0.013385
56104.645851	2456104.645851	12.378234	0.013419
56105.471881	2456105.471881	12.314817	0.012800
56105.471973	2456105.471973	12.334959	0.012840
56105.472066	2456105.472066	12.289290	0.012629
56110.473015	2456110.473015	12.310231	0.014665
56110.473119	2456110.473119	12.311984	0.014499
56110.473212	2456110.473212	12.341544	0.014605
56111.472992	2456111.472992	12.324880	0.013131
56111.473096	2456111.473096	12.331757	0.013764
56111.473200	2456111.473200	12.309701	0.013388
56113.552656	2456113.552656	12.350369	0.015114
56113.552749	2456113.552749	12.378117	0.015076
56114.712251	2456114.712251	12.319072	0.015321
56114.712344	2456114.712344	12.403109	0.015695
56114.712436	2456114.712436	12.404802	0.015898
56115.473999	2456115.473999	12.328495	0.014118
56115.474091	2456115.474091	12.303682	0.013666
56115.474184	2456115.474184	12.311174	0.013720
56116.474010	2456116.474010	12.309170	0.014139
56116.474115	2456116.474115	12.328398	0.013876
56116.474207	2456116.474207	12.320776	0.013884
56117.474554	2456117.474554	12.342970	0.013264
56117.474659	2456117.474659	12.328058	0.013115
56117.474751	2456117.474751	12.303675	0.013096
56118.474578	2456118.474578	12.302547	0.012650
56118.474670	2456118.474670	12.313206	0.012750
56118.474763	2456118.474763	12.285328	0.012645
56119.475191	2456119.475191	12.226487	0.012385
56119.475295	2456119.475295	12.242816	0.012354
56119.475388	2456119.475388	12.273595	0.012462
56120.619867	2456120.619867	12.353517	0.013859
56120.619959	2456120.619959	12.372879	0.014062
56120.620041	2456120.620041	12.397199	0.014092
56123.636071	2456123.636071	12.325457	0.012837
56123.636163	2456123.636163	12.322845	0.013232
56123.636256	2456123.636256	12.359596	0.013377
56124.476557	2456124.476557	12.330187	0.012605
56124.476649	2456124.476649	12.333408	0.012690
56124.476742	2456124.476742	12.413098	0.013558
56125.477170	2456125.477170	12.426569	0.013790
56125.477263	2456125.477263	12.389064	0.013607
56125.477355	2456125.477355	12.384196	0.013671
56126.477517	2456126.477517	12.385561	0.013380
56126.477622	2456126.477622	12.365770	0.013300
56126.477714	2456126.477714	12.398351	0.013449
56128.478235	2456128.478235	12.337949	0.014631
56128.478328	2456128.478328	12.291710	0.014439
56128.478409	2456128.478409	12.309093	0.014418
56130.478872	2456130.478872	12.253390	0.013668
56130.478964	2456130.478964	12.432349	0.016014
56130.479057	2456130.479057	12.380555	0.018045
56131.510723	2456131.510723	12.337722	0.012870
56131.510828	2456131.510828	12.348896	0.012885
56131.510909	2456131.510909	12.333830	0.012748
56132.478941	2456132.478941	12.349672	0.012748
56132.479045	2456132.479045	12.364195	0.012776
56132.479126	2456132.479126	12.335699	0.012667
56133.479450	2456133.479450	12.307495	0.012598
56133.479543	2456133.479543	12.336123	0.012551
56133.479635	2456133.479635	12.361312	0.012998
56135.479751	2456135.479751	12.342506	0.012694
56135.479855	2456135.479855	12.365579	0.012876
56135.479936	2456135.479936	12.319629	0.012742
56136.480503	2456136.480503	12.368803	0.014656
56136.480608	2456136.480608	12.403214	0.015022
56136.480700	2456136.480700	12.381304	0.014761
56137.543119	2456137.543119	12.354353	0.014095
56137.543223	2456137.543223	12.377220	0.014253
56137.543339	2456137.543339	12.376682	0.014141
56138.480735	2456138.480735	12.381313	0.014371
56138.480862	2456138.480862	12.363833	0.014243
56138.480955	2456138.480955	12.362860	0.014203
56139.481071	2456139.481071	12.308361	0.014068
56139.481186	2456139.481186	12.327604	0.014228
56139.481291	2456139.481291	12.337283	0.014142
56140.481314	2456140.481314	12.408486	0.014757
56140.481441	2456140.481441	12.352666	0.014548
56140.481545	2456140.481545	12.400839	0.015702
56146.631557	2456146.631557	12.280443	0.013288
56146.631661	2456146.631661	12.272883	0.013043
56146.631765	2456146.631765	12.282203	0.013198
56147.484057	2456147.484057	12.453883	0.015370
56147.484149	2456147.484149	12.504128	0.015684
56148.484462	2456148.484462	12.357865	0.013159
56148.484554	2456148.484554	12.351315	0.012990
56148.484659	2456148.484659	12.408607	0.013336
56149.484797	2456149.484797	12.371230	0.013135
56149.484890	2456149.484890	12.380899	0.013310
56149.484983	2456149.484983	12.342272	0.013094
56151.485365	2456151.485365	12.334527	0.012889
56151.485457	2456151.485457	12.323133	0.012851
56151.485550	2456151.485550	12.312508	0.012786
56152.485434	2456152.485434	12.286299	0.012565
56152.485527	2456152.485527	12.319238	0.012763
56152.485619	2456152.485619	12.281906	0.012622
56154.486372	2456154.486372	12.341725	0.012799
56154.486464	2456154.486464	12.374937	0.012916
56154.486557	2456154.486557	12.365153	0.012851
56158.487957	2456158.487957	12.298103	0.012446
56158.488050	2456158.488050	12.266310	0.012301
56158.488142	2456158.488142	12.320105	0.012641
56159.488027	2456159.488027	12.365355	0.012816
56159.488119	2456159.488119	12.350368	0.012730
56159.488212	2456159.488212	12.354349	0.012708
56160.501684	2456160.501684	12.430575	0.014471
56160.501777	2456160.501777	12.454778	0.014702
56160.501869	2456160.501869	12.441984	0.014521
56161.501557	2456161.501557	12.344065	0.014174
56161.501649	2456161.501649	12.357458	0.014346
56161.501753	2456161.501753	12.363744	0.014256
56165.501013	2456165.501013	12.356736	0.012860
56165.501105	2456165.501105	12.375784	0.013010
56165.501209	2456165.501209	12.340249	0.012837
56166.489994	2456166.489994	12.360103	0.014081
56166.490098	2456166.490098	12.361192	0.014043
56166.490203	2456166.490203	12.357635	0.014239
56167.490411	2456167.490411	12.332602	0.012831
56167.490503	2456167.490503	12.335512	0.012815
56167.490596	2456167.490596	12.313123	0.012833
56168.569068	2456168.569068	12.377174	0.017579
56168.569161	2456168.569161	12.373781	0.018449
56169.491024	2456169.491024	12.363664	0.013539
56169.491117	2456169.491117	12.410239	0.013760
56169.491221	2456169.491221	12.371181	0.013529
56171.491811	2456171.491811	12.373210	0.014010
56171.491904	2456171.491904	12.353796	0.014154
56171.491997	2456171.491997	12.337185	0.013922
56172.492622	2456172.492622	12.274938	0.012691
56172.492714	2456172.492714	12.402238	0.014253
56172.492807	2456172.492807	12.240861	0.012750
56176.493536	2456176.493536	12.359776	0.012784
56176.493628	2456176.493628	12.313392	0.012627
56176.493721	2456176.493721	12.282860	0.012638
56179.498247	2456179.498247	12.323695	0.014469
56179.498328	2456179.498328	12.393579	0.014713
56179.498420	2456179.498420	12.382098	0.014802
56181.528929	2456181.528929	12.342813	0.013619
56181.529022	2456181.529022	12.353333	0.013652
56181.529126	2456181.529126	12.342440	0.013553
56182.495862	2456182.495862	12.334968	0.013196
56182.495955	2456182.495955	12.328019	0.013050
56182.496059	2456182.496059	12.374655	0.013332
56183.496256	2456183.496256	12.277374	0.012888
56183.496360	2456183.496360	12.283005	0.012722
56183.496453	2456183.496453	12.309784	0.012839
56184.496869	2456184.496869	12.326053	0.013252
56184.496973	2456184.496973	12.351402	0.013163
56184.497078	2456184.497078	12.325539	0.013187
56185.496904	2456185.496904	12.321532	0.013248
56185.497043	2456185.497043	12.312837	0.013225
56185.497147	2456185.497147	12.334096	0.013155
56186.497413	2456186.497413	12.315515	0.013215
56186.497541	2456186.497541	12.327683	0.013202
56186.497645	2456186.497645	12.376643	0.013342
56190.499578	2456190.499578	12.369400	0.015427
56190.499693	2456190.499693	12.347222	0.015460
56190.499809	2456190.499809	12.368002	0.015593
56191.500017	2456191.500017	12.357790	0.013914
56191.500122	2456191.500122	12.356168	0.014005
56191.500226	2456191.500226	12.356538	0.013894
56192.499959	2456192.499959	12.286748	0.013008
56192.500052	2456192.500052	12.285917	0.013004
56192.500156	2456192.500156	12.325304	0.013192
56193.523003	2456193.523003	12.306197	0.016809
56193.523108	2456193.523108	12.308037	0.016960
56193.523200	2456193.523200	12.349201	0.017523
56194.512946	2456194.512946	12.386255	0.021105
56194.513038	2456194.513038	12.331572	0.020404
56194.513131	2456194.513131	12.318131	0.021085
56195.501047	2456195.501047	12.404061	0.014611
56195.501152	2456195.501152	12.375383	0.014410
56195.501244	2456195.501244	12.370117	0.014420
56196.502309	2456196.502309	12.344242	0.016117
56196.502402	2456196.502402	12.298735	0.015924
56196.502494	2456196.502494	12.346535	0.016072
56197.502459	2456197.502459	12.381001	0.019478
56197.502541	2456197.502541	12.400647	0.018287
56197.502645	2456197.502645	12.399229	0.019135
56199.503814	2456199.503814	12.307685	0.017102
56199.503929	2456199.503929	12.362655	0.017315
56199.504022	2456199.504022	12.283040	0.017052
57100.864404	2457100.864404	12.386556	0.016809
57100.864531	2457100.864531	12.352494	0.016776
57100.864670	2457100.864670	12.378319	0.016792
57102.861545	2457102.861545	12.322974	0.016476
57102.861672	2457102.861672	12.240500	0.015819
57102.861788	2457102.861788	12.267094	0.016487
57108.873825	2457108.873825	12.271756	0.016135
57108.873953	2457108.873953	12.286631	0.016255
57108.874068	2457108.874068	12.332416	0.016409
57109.874253	2457109.874253	12.358893	0.016732
57109.874358	2457109.874358	12.340418	0.016718
57109.874473	2457109.874473	12.390519	0.016841
57110.875006	2457110.875006	12.362154	0.017045
57110.875168	2457110.875168	12.343728	0.017116
57110.875295	2457110.875295	12.386388	0.017172
57111.875341	2457111.875341	12.317867	0.016637
57111.875584	2457111.875584	12.292796	0.016473
57111.875700	2457111.875700	12.307449	0.016480
57112.876152	2457112.876152	12.373634	0.016518
57112.876383	2457112.876383	12.338981	0.016153
57112.876499	2457112.876499	12.330952	0.015767
57113.876545	2457113.876545	12.279052	0.015653
57113.876661	2457113.876661	12.274739	0.015656
57113.876950	2457113.876950	12.234709	0.014851
57114.877506	2457114.877506	12.308056	0.016004
57114.877691	2457114.877691	12.252019	0.015726
57114.877830	2457114.877830	12.284722	0.015981
57116.507541	2457116.507541	12.180722	0.024283
57116.507726	2457116.507726	12.163244	0.029577
57116.507853	2457116.507853	12.340345	0.029932
57117.508397	2457117.508397	12.378565	0.026903
57117.508513	2457117.508513	12.284137	0.024863
57117.508675	2457117.508675	12.350386	0.025268
57118.509184	2457118.509184	12.297105	0.020692
57118.509311	2457118.509311	12.326068	0.020859
57118.509427	2457118.509427	12.393342	0.022829
57119.559578	2457119.559578	12.333858	0.025272
57119.559855	2457119.559855	12.426360	0.049885
57121.892089	2457121.892089	12.349011	0.018178
57121.892251	2457121.892251	12.305496	0.018036
57122.892714	2457122.892714	12.396171	0.020763
57122.892876	2457122.892876	12.417292	0.020457
57122.893108	2457122.893108	12.300134	0.019358
57123.893397	2457123.893397	12.308421	0.016050
57123.893628	2457123.893628	12.266403	0.015792
57123.893756	2457123.893756	12.316092	0.016054
57125.894230	2457125.894230	12.535669	0.021328
57125.894346	2457125.894346	12.511291	0.021046
57126.894450	2457126.894450	12.354788	0.016953
57126.894589	2457126.894589	12.311325	0.016760
57126.894705	2457126.894705	12.285047	0.016664
57129.489959	2457129.489959	12.511197	0.022284
57129.490064	2457129.490064	12.586855	0.022795
57129.490168	2457129.490168	12.569931	0.022394
57133.488038	2457133.488038	12.686936	0.024577
57134.489485	2457134.489485	12.510858	0.021823
57134.489589	2457134.489589	12.455629	0.021406
57134.489705	2457134.489705	12.453568	0.021257
57135.548999	2457135.548999	12.441565	0.018831
57135.549126	2457135.549126	12.423322	0.018804
57135.549242	2457135.549242	12.372594	0.018469
57136.549219	2457136.549219	12.513836	0.020431
57136.549323	2457136.549323	12.475684	0.020068
57136.549439	2457136.549439	12.528561	0.020546
57137.574172	2457137.574172	12.322195	0.016276
57137.574277	2457137.574277	12.230712	0.015855
57137.574381	2457137.574381	12.256087	0.015868
57139.524196	2457139.524196	12.406730	0.019043
57139.524300	2457139.524300	12.388842	0.018966
57139.524404	2457139.524404	12.437068	0.019326
57140.526071	2457140.526071	12.411773	0.019805
57140.526325	2457140.526325	12.400741	0.019694
57140.526429	2457140.526429	12.501352	0.020342
57141.526962	2457141.526962	12.482995	0.018819
57141.527066	2457141.527066	12.412890	0.018232
57141.527182	2457141.527182	12.407053	0.018464
57142.527309	2457142.527309	12.394120	0.018768
57142.527425	2457142.527425	12.462498	0.019172
57142.527529	2457142.527529	12.395174	0.018733
57143.527703	2457143.527703	12.421848	0.018077
57143.527830	2457143.527830	12.394854	0.017934
57143.527934	2457143.527934	12.392575	0.017704
57146.553663	2457146.553663	12.399445	0.025378
57146.553791	2457146.553791	12.433087	0.029324
57146.553883	2457146.553883	12.446073	0.026909
57147.554196	2457147.554196	12.422958	0.020852
57147.554300	2457147.554300	12.425530	0.020735
57147.554404	2457147.554404	12.244541	0.015175
57148.554809	2457148.554809	12.359194	0.016778
57148.554936	2457148.554936	12.367796	0.016833
57148.555087	2457148.555087	12.271082	0.016378
57150.556869	2457150.556869	12.489951	0.020427
57150.556985	2457150.556985	12.498540	0.020607
57150.557089	2457150.557089	12.535753	0.020729
57151.558015	2457151.558015	12.481531	0.023048
57151.558119	2457151.558119	12.461134	0.021904
57151.558223	2457151.558223	12.501735	0.022154
57152.558200	2457152.558200	12.399039	0.029555
57152.558316	2457152.558316	12.416645	0.031473
57152.558432	2457152.558432	12.492193	0.033136
57153.665237	2457153.665237	12.415605	0.017791
57153.665353	2457153.665353	12.461290	0.018011
57153.665515	2457153.665515	12.394569	0.017683
57154.665920	2457154.665920	12.378013	0.017246
57154.666094	2457154.666094	12.398918	0.017522
57154.666209	2457154.666209	12.304486	0.016976
57155.666360	2457155.666360	12.433388	0.018289
57155.666580	2457155.666580	12.434866	0.018380
57155.666707	2457155.666707	12.449223	0.018465
57156.667066	2457156.667066	12.479651	0.018590
57156.667228	2457156.667228	12.455902	0.018388
57156.667344	2457156.667344	12.372462	0.017970
57157.667564	2457157.667564	12.467895	0.019004
57157.667679	2457157.667679	12.443355	0.018957
57157.667795	2457157.667795	12.431555	0.018722
57158.668328	2457158.668328	12.417856	0.018177
57158.668443	2457158.668443	12.453576	0.018330
57158.668547	2457158.668547	12.412707	0.018093
57159.668686	2457159.668686	12.433224	0.018335
57159.668802	2457159.668802	12.429914	0.018432
57159.668906	2457159.668906	12.477328	0.018426
57160.669300	2457160.669300	12.461083	0.018897
57160.669404	2457160.669404	12.469110	0.018800
57160.669497	2457160.669497	12.465659	0.018940
57182.496777	2457182.496777	12.392352	0.115669
57182.496904	2457182.496904	12.391859	0.113910
57182.497031	2457182.497031	12.393293	0.127277
57183.498038	2457183.498038	12.380851	0.108711
57183.498166	2457183.498166	12.388507	0.109058
57183.498293	2457183.498293	12.398980	0.106946
57184.770376	2457184.770376	12.283388	0.126307
57184.770527	2457184.770527	12.352907	0.129257
57184.770642	2457184.770642	12.406128	0.145170
57186.611291	2457186.611291	12.369862	0.117414
57186.611418	2457186.611418	12.368975	0.127794
57186.611522	2457186.611522	12.369902	0.118363
57187.611568	2457187.611568	12.355384	0.131041
57187.611672	2457187.611672	12.356391	0.126549
57187.611777	2457187.611777	12.401471	0.125065
57188.611823	2457188.611823	12.407899	0.145100
57188.611927	2457188.611927	12.429072	0.137423
57188.612043	2457188.612043	12.427352	0.143355
57189.613003	2457189.613003	12.326352	0.142758
57189.613131	2457189.613131	12.396702	0.148151
57189.613235	2457189.613235	12.366531	0.151794
57190.638999	2457190.638999	12.371819	0.133191
57190.639115	2457190.639115	12.332950	0.126880
57190.639219	2457190.639219	12.390124	0.129891
57194.755191	2457194.755191	12.374682	0.020600
57194.755330	2457194.755330	12.472978	0.022263
57194.755446	2457194.755446	12.460549	0.021964
57196.758455	2457196.758455	12.504626	0.024789
57196.758571	2457196.758571	12.475717	0.024945
57196.758686	2457196.758686	12.433449	0.025007
57198.656256	2457198.656256	12.418905	0.017446
57198.656383	2457198.656383	12.464309	0.017612
57198.656499	2457198.656499	12.463951	0.017664
57227.666117	2457227.666117	12.301588	0.016155
57227.666233	2457227.666233	12.266358	0.015806
57227.666348	2457227.666348	12.277470	0.015964
57230.560434	2457230.560434	12.296254	0.015584
57230.560561	2457230.560561	12.308240	0.015429
57230.560677	2457230.560677	12.305824	0.015482
57233.549635	2457233.549635	12.314388	0.017581
57233.549751	2457233.549751	12.259096	0.016890
57233.549855	2457233.549855	12.339282	0.017569
57234.550341	2457234.550341	12.342918	0.016481
57234.550446	2457234.550446	12.358697	0.020695
57234.550550	2457234.550550	12.300828	0.021465
57235.550816	2457235.550816	12.356610	0.076757
57235.550920	2457235.550920	12.597104	0.089312
57235.551036	2457235.551036	12.080286	0.058713
57236.551209	2457236.551209	12.453266	0.017052
57236.551314	2457236.551314	12.334084	0.017218
57236.551418	2457236.551418	12.268017	0.016913
57237.596638	2457237.596638	12.259733	0.017756
57237.596753	2457237.596753	12.267367	0.017803
57237.596869	2457237.596869	12.268898	0.017553
57249.519381	2457249.519381	12.523937	0.019409
57249.519485	2457249.519485	12.586486	0.019861
57252.523791	2457252.523791	12.407217	0.019507
57252.523895	2457252.523895	12.444273	0.019866
57252.523987	2457252.523987	12.489363	0.020131
57253.524184	2457253.524184	12.368333	0.013960
57253.524288	2457253.524288	12.335474	0.013847
57253.524404	2457253.524404	12.313944	0.013860
57435.874219	2457435.874219	12.419953	0.011579
57435.874311	2457435.874311	12.400767	0.011435
57435.874416	2457435.874416	12.419511	0.011499
57437.816661	2457437.816661	12.334293	0.011311
57437.816753	2457437.816753	12.358127	0.011386
57437.816846	2457437.816846	12.355439	0.011398
57438.817251	2457438.817251	12.403831	0.012047
57438.817344	2457438.817344	12.401516	0.011999
57438.817448	2457438.817448	12.420060	0.012146
57439.817992	2457439.817992	12.369725	0.012031
57439.818096	2457439.818096	12.360845	0.011956
57439.818200	2457439.818200	12.357373	0.011853
57441.629404	2457441.629404	12.369925	0.016667
57441.629520	2457441.629520	12.422530	0.017488
57441.629635	2457441.629635	12.378768	0.016664
57442.631302	2457442.631302	12.398554	0.015928
57442.631406	2457442.631406	12.359439	0.016645
57442.631534	2457442.631534	12.396305	0.015789
57443.633640	2457443.633640	12.286194	0.014361
57443.633756	2457443.633756	12.334074	0.014666
57443.633872	2457443.633872	12.310241	0.014280
57444.635573	2457444.635573	12.380225	0.013073
57444.635666	2457444.635666	12.330851	0.012717
57444.635758	2457444.635758	12.461538	0.013381
57445.637575	2457445.637575	12.404943	0.012352
57445.637668	2457445.637668	12.367130	0.012178
57445.637784	2457445.637784	12.391136	0.012249
57446.638941	2457446.638941	12.313070	0.012047
57446.639045	2457446.639045	12.389095	0.012377
57446.639149	2457446.639149	12.304390	0.012085
57447.640156	2457447.640156	12.388071	0.012387
57447.640249	2457447.640249	12.364217	0.012367
57447.640341	2457447.640341	12.413364	0.012556
57448.713686	2457448.713686	12.385479	0.011913
57448.713791	2457448.713791	12.440583	0.012158
57448.713895	2457448.713895	12.429612	0.012179
57449.714115	2457449.714115	12.424357	0.012365
57449.714207	2457449.714207	12.294024	0.011412
57449.714300	2457449.714300	12.301680	0.011362
57450.714670	2457450.714670	12.328766	0.011500
57450.714774	2457450.714774	12.334854	0.011513
57450.714867	2457450.714867	12.316569	0.011472
57451.715920	2457451.715920	12.420562	0.011801
57451.716024	2457451.716024	12.389092	0.011741
57451.716117	2457451.716117	12.371282	0.011669
57452.716383	2457452.716383	12.369926	0.011694
57452.718779	2457452.718779	12.369359	0.012038
57452.718883	2457452.718883	12.378928	0.011899
57453.716950	2457453.716950	12.344015	0.012097
57453.717054	2457453.717054	12.347718	0.012123
57453.717147	2457453.717147	12.335708	0.012061
57454.740226	2457454.740226	12.418999	0.012294
57454.740318	2457454.740318	12.429789	0.012327
57454.740411	2457454.740411	12.414546	0.012217
57455.875376	2457455.875376	12.251731	0.011762
57455.875469	2457455.875469	12.239717	0.011909
57455.875561	2457455.875561	12.219329	0.011759
57456.876568	2457456.876568	12.212787	0.011609
57456.876661	2457456.876661	12.176151	0.011519
57456.876753	2457456.876753	12.194753	0.011579
57458.728976	2457458.728976	12.397562	0.011592
57458.729126	2457458.729126	12.398366	0.011695
57458.729277	2457458.729277	12.377808	0.011581
57461.715712	2457461.715712	12.389680	0.011581
57461.715804	2457461.715804	12.394418	0.011536
57461.727737	2457461.727737	12.420471	0.011829
57464.733802	2457464.733802	12.437772	0.012846
57464.733895	2457464.733895	12.448178	0.012855
57464.733999	2457464.733999	12.438534	0.012793
57465.734439	2457465.734439	12.363942	0.011634
57465.734531	2457465.734531	12.371596	0.011665
57465.734635	2457465.734635	12.352573	0.011628
57466.735098	2457466.735098	11.896260	0.011759
57466.735203	2457466.735203	12.029665	0.011786
57466.735307	2457466.735307	12.020639	0.011748
57467.885932	2457467.885932	12.441836	0.022449
57467.886036	2457467.886036	11.853919	0.020430
57467.886128	2457467.886128	12.145755	0.016685
57468.887182	2457468.887182	12.276317	0.013345
57468.887274	2457468.887274	12.250707	0.013470
57468.887378	2457468.887378	12.278058	0.014110
57471.766013	2457471.766013	12.412710	0.012226
57471.766128	2457471.766128	12.417611	0.012259
57471.766221	2457471.766221	12.397848	0.012183
57472.766997	2457472.766997	12.324404	0.013051
57472.767112	2457472.767112	12.349175	0.012891
57472.767205	2457472.767205	12.323728	0.012757
57473.767922	2457473.767922	12.389560	0.013207
57473.768038	2457473.768038	12.407547	0.013251
57473.768131	2457473.768131	12.396890	0.013367
57474.769288	2457474.769288	12.440363	0.012942
57474.769404	2457474.769404	12.439624	0.012711
57474.769497	2457474.769497	12.440270	0.012851
57475.776094	2457475.776094	12.216526	0.012286
57475.776209	2457475.776209	12.201605	0.012250
57475.776302	2457475.776302	12.186701	0.012191
57476.874161	2457476.874161	12.343432	0.012891
57476.874277	2457476.874277	12.261056	0.012641
57476.874369	2457476.874369	12.294237	0.012628
57477.875226	2457477.875226	12.336913	0.011165
57477.875341	2457477.875341	12.341935	0.011257
57477.875457	2457477.875457	12.305028	0.011345
57478.876256	2457478.876256	12.270856	0.011618
57478.876360	2457478.876360	12.263612	0.011631
57478.876476	2457478.876476	12.260357	0.011523
57479.877679	2457479.877679	12.263810	0.012703
57479.877784	2457479.877784	12.230953	0.012464
57479.877888	2457479.877888	12.279328	0.012662
57480.881186	2457480.881186	12.291042	0.011703
57480.881302	2457480.881302	12.309223	0.011799
57480.881406	2457480.881406	12.305058	0.011722
57481.883409	2457481.883409	12.188000	0.014588
57481.883524	2457481.883524	12.215677	0.014745
57481.883640	2457481.883640	12.233310	0.019466
57484.889196	2457484.889196	12.264159	0.011839
57484.889311	2457484.889311	12.313986	0.011858
57484.889427	2457484.889427	12.266308	0.011855
57485.890469	2457485.890469	12.298095	0.011950
57485.890584	2457485.890584	12.248279	0.011720
57485.890712	2457485.890712	12.224595	0.011642
57486.891892	2457486.891892	12.304775	0.011873
57486.892008	2457486.892008	12.309600	0.011846
57486.892135	2457486.892135	12.256628	0.011859
57488.553084	2457488.553084	12.384894	0.012520
57488.553212	2457488.553212	12.346057	0.012368
57488.553339	2457488.553339	12.361262	0.012413
57489.568501	2457489.568501	12.509126	0.029581
57489.568628	2457489.568628	12.505581	0.029790
57489.568756	2457489.568756	12.512832	0.029250
57491.885237	2457491.885237	12.185399	0.011462
57491.885365	2457491.885365	12.166253	0.011591
57491.885492	2457491.885492	12.184432	0.011577
57494.903594	2457494.903594	12.182228	0.011897
57494.903733	2457494.903733	12.195090	0.011844
57494.903872	2457494.903872	12.161250	0.011800
57495.905110	2457495.905110	12.265658	0.012230
57495.905249	2457495.905249	12.243991	0.012226
57495.905388	2457495.905388	12.235603	0.012182
57499.861337	2457499.861337	12.367494	0.014980
57499.861487	2457499.861487	12.286751	0.014083
57499.861626	2457499.861626	12.306286	0.014447
57796.655631	2457796.655631	12.456229	0.014125
57796.655735	2457796.655735	12.405997	0.014076
57796.678675	2457796.678675	12.398358	0.013263
57797.757587	2457797.757587	12.282958	0.011250
57797.757703	2457797.757703	12.273923	0.011283
57797.757818	2457797.757818	12.284540	0.011295
57812.610052	2457812.610052	12.430756	0.014892
57812.695272	2457812.695272	12.437006	0.013579
57812.695376	2457812.695376	12.480620	0.013737
57813.702691	2457813.702691	12.295408	0.012566
57813.702795	2457813.702795	12.318731	0.012758
57813.702911	2457813.702911	12.324668	0.012967
57814.711140	2457814.711140	12.411625	0.013290
57814.711256	2457814.711256	12.434195	0.013387
57814.711360	2457814.711360	12.444939	0.013425
57816.591904	2457816.591904	12.400991	0.014325
57816.594925	2457816.594925	12.338976	0.014078
57816.595029	2457816.595029	12.370167	0.014065
57818.750816	2457818.750816	12.483920	0.012766
57818.750920	2457818.750920	12.467585	0.012650
57818.751036	2457818.751036	12.481893	0.012699
57821.730191	2457821.730191	12.401042	0.011864
57821.730307	2457821.730307	12.397989	0.011822
57821.730422	2457821.730422	12.385757	0.011827
57822.768744	2457822.768744	12.365081	0.011905
57822.768860	2457822.768860	12.370036	0.011885
57822.768964	2457822.768964	12.367696	0.011858
57823.769890	2457823.769890	12.289198	0.011023
57823.770017	2457823.770017	12.308707	0.011270
57823.770133	2457823.770133	12.318671	0.011193
57824.772228	2457824.772228	12.444216	0.012813
57824.772332	2457824.772332	12.420436	0.012642
57824.772448	2457824.772448	12.399211	0.012443
57825.773478	2457825.773478	12.375378	0.012255
57825.773605	2457825.773605	12.341540	0.012204
57825.773721	2457825.773721	12.400619	0.012413
57826.776892	2457826.776892	12.313614	0.012007
57826.776997	2457826.776997	12.316799	0.011992
57826.777112	2457826.777112	12.324492	0.011958
57827.803721	2457827.803721	12.388933	0.012277
57827.803837	2457827.803837	12.411783	0.012301
57828.633999	2457828.633999	12.400862	0.013612
57828.805307	2457828.805307	12.236255	0.012750
57828.805422	2457828.805422	12.282599	0.013009
57828.805538	2457828.805538	12.268518	0.012730
57829.806383	2457829.806383	12.179862	0.012345
57829.806522	2457829.806522	12.145622	0.012337
57829.806638	2457829.806638	12.157242	0.012331
57830.807760	2457830.807760	12.245452	0.012570
57830.807888	2457830.807888	12.267202	0.012687
57830.808003	2457830.808003	12.232497	0.012616
57833.863744	2457833.863744	12.243300	0.011768
57833.863883	2457833.863883	12.258235	0.011714
57833.863999	2457833.863999	12.252703	0.011682
57834.869612	2457834.869612	12.293370	0.011883
57834.869740	2457834.869740	12.288330	0.012064
57834.869855	2457834.869855	12.296358	0.011941
57835.876441	2457835.876441	12.195379	0.011844
57835.876568	2457835.876568	12.218679	0.011831
57835.876684	2457835.876684	12.226961	0.011959
57837.576522	2457837.576522	12.484359	0.013940
57837.576626	2457837.576626	12.479485	0.014146
57837.576742	2457837.576742	12.456185	0.013747
57838.730434	2457838.730434	12.428847	0.012679
57838.730538	2457838.730538	12.389133	0.012403
57838.730654	2457838.730654	12.394377	0.012491
57839.841441	2457839.841441	12.218144	0.011766
57839.841557	2457839.841557	12.227084	0.011700
57839.841672	2457839.841672	12.210790	0.011793
57841.607656	2457841.607656	12.400292	0.012586
57841.607760	2457841.607760	12.373040	0.012150
57841.607876	2457841.607876	12.384258	0.012508
57918.496510	2457918.496510	12.400502	0.013083
57918.496626	2457918.496626	12.384395	0.013075
57918.496730	2457918.496730	12.374639	0.013079
57918.496834	2457918.496834	12.370750	0.013189
57918.496950	2457918.496950	12.372476	0.013259
57918.497066	2457918.497066	12.360060	0.013185
57918.497170	2457918.497170	12.387282	0.013271
57918.497286	2457918.497286	12.379658	0.013260
57918.497390	2457918.497390	12.368951	0.013252
57918.497494	2457918.497494	12.373780	0.013302
57918.497610	2457918.497610	12.355915	0.013249
57918.497714	2457918.497714	12.361007	0.013318
57918.497830	2457918.497830	12.401427	0.013548
57918.497934	2457918.497934	12.383962	0.013366
57918.498038	2457918.498038	12.382318	0.013417
57918.498154	2457918.498154	12.391127	0.013588
57918.498270	2457918.498270	12.375107	0.013930
57918.498374	2457918.498374	12.397246	0.014265
57918.498490	2457918.498490	12.390448	0.014301
57918.498594	2457918.498594	12.363075	0.013930
57918.498709	2457918.498709	12.373209	0.013806
57918.498814	2457918.498814	12.399178	0.013908
57918.498918	2457918.498918	12.375764	0.013849
57918.499034	2457918.499034	12.389545	0.013785
57918.499138	2457918.499138	12.411457	0.014019
57918.499242	2457918.499242	12.338898	0.013578
57918.499358	2457918.499358	12.361625	0.013637
57918.499473	2457918.499473	12.383087	0.013770
57918.499578	2457918.499578	12.378539	0.013705
57918.499693	2457918.499693	12.352569	0.013507
57918.499797	2457918.499797	12.358428	0.013459
57918.499902	2457918.499902	12.346775	0.013503
57918.500017	2457918.500017	12.381566	0.013660
57918.500122	2457918.500122	12.387428	0.013672
57918.500226	2457918.500226	12.422142	0.013864
57918.500341	2457918.500341	12.396894	0.013755
57918.500446	2457918.500446	12.386372	0.013828
57918.500561	2457918.500561	12.386270	0.013771
57918.500666	2457918.500666	12.356066	0.013623
57918.500770	2457918.500770	12.397275	0.013763
57918.500885	2457918.500885	12.387349	0.013917
57918.500990	2457918.500990	12.372148	0.013842
57918.501105	2457918.501105	12.376758	0.013799
57918.501209	2457918.501209	12.378050	0.013776
57918.501325	2457918.501325	12.384300	0.013703
57918.501429	2457918.501429	12.374598	0.013393
57918.501534	2457918.501534	12.386464	0.013532
57918.501649	2457918.501649	12.360399	0.013395
57918.501753	2457918.501753	12.383587	0.013291
57918.501869	2457918.501869	12.360188	0.013263
57918.501973	2457918.501973	12.392760	0.013278
57918.502078	2457918.502078	12.374240	0.013089
57918.502193	2457918.502193	12.390433	0.013128
57918.502297	2457918.502297	12.376565	0.012932
57918.502413	2457918.502413	12.390237	0.012902
57918.502517	2457918.502517	12.401691	0.013038
57918.502622	2457918.502622	12.383806	0.012938
57918.502737	2457918.502737	12.392427	0.012913
57918.502841	2457918.502841	12.373121	0.012853
57918.502957	2457918.502957	12.396998	0.012872
57918.503061	2457918.503061	12.423483	0.013124
57918.503177	2457918.503177	12.393283	0.013071
57918.503281	2457918.503281	12.384045	0.012989
57918.503385	2457918.503385	12.404800	0.013267
57918.503501	2457918.503501	12.386317	0.013103
57918.503605	2457918.503605	12.397369	0.012994
57918.507656	2457918.507656	12.322271	0.012501
57918.507760	2457918.507760	12.329385	0.012620
57918.507876	2457918.507876	12.327427	0.012820
57918.507980	2457918.507980	12.324709	0.012655
57918.508084	2457918.508084	12.345100	0.012752
57918.508200	2457918.508200	12.312860	0.012430
57918.508304	2457918.508304	12.326503	0.012584
57918.508420	2457918.508420	12.351432	0.012842
57918.508524	2457918.508524	12.343496	0.012730
57918.508640	2457918.508640	12.348261	0.012781
57918.508744	2457918.508744	12.338304	0.012961
57918.508848	2457918.508848	12.314029	0.012522
57918.508964	2457918.508964	12.355417	0.012483
57918.509068	2457918.509068	12.377859	0.012636
57918.509184	2457918.509184	12.354308	0.012477
57918.509288	2457918.509288	12.354486	0.012541
57918.509392	2457918.509392	12.377227	0.012588
57918.509508	2457918.509508	12.346295	0.012344
57918.509612	2457918.509612	12.333974	0.012296
57918.509728	2457918.509728	12.325040	0.012294
57918.509832	2457918.509832	12.371975	0.012497
57918.509936	2457918.509936	12.360196	0.012582
57918.510052	2457918.510052	12.330082	0.012375
57918.510156	2457918.510156	12.354229	0.012533
57918.510260	2457918.510260	12.371479	0.012620
57918.510376	2457918.510376	12.357189	0.012514
57918.510480	2457918.510480	12.321341	0.012340
57918.510596	2457918.510596	12.365049	0.012548
57918.510700	2457918.510700	12.336487	0.012502
57918.510816	2457918.510816	12.326416	0.012630
57918.510920	2457918.510920	12.375985	0.012858
57918.511024	2457918.511024	12.354064	0.012831
57918.511140	2457918.511140	12.349867	0.012690
57918.511244	2457918.511244	12.354723	0.012626
56315.697969	2456315.697969	12.317628	0.019214
56315.698073	2456315.698073	12.328116	0.019029
56315.698189	2456315.698189	12.299928	0.018605
56316.695272	2456316.695272	12.439928	0.021676
56316.695376	2456316.695376	12.325959	0.020047
56316.695480	2456316.695480	12.285520	0.019974
56317.692668	2456317.692668	12.371350	0.019794
56317.692772	2456317.692772	12.299667	0.020240
56317.692876	2456317.692876	12.248979	0.019110
56318.689751	2456318.689751	12.344323	0.020705
56318.689855	2456318.689855	12.438957	0.022048
56318.689959	2456318.689959	12.218623	0.019933
56319.687263	2456319.687263	12.437565	0.022848
56319.687378	2456319.687378	12.426395	0.022698
56319.687483	2456319.687483	12.446318	0.023965
56320.684566	2456320.684566	12.318312	0.022513
56320.684670	2456320.684670	12.332928	0.022094
56320.684774	2456320.684774	12.307306	0.023972
56321.682205	2456321.682205	12.296696	0.017493
56321.682309	2456321.682309	12.338758	0.017663
56321.682413	2456321.682413	12.314379	0.017647
56322.679288	2456322.679288	12.299337	0.018617
56322.679392	2456322.679392	12.353354	0.019334
56322.679497	2456322.679497	12.386903	0.019287
56323.676244	2456323.676244	12.228975	0.017560
56323.676348	2456323.676348	12.320714	0.018023
56323.676464	2456323.676464	12.392248	0.018640
56324.690654	2456324.690654	12.264383	0.016011
56324.690758	2456324.690758	12.282746	0.015673
56324.690874	2456324.690874	12.251375	0.015515
56325.671256	2456325.671256	12.419781	0.015267
56325.671372	2456325.671372	12.373209	0.015250
56325.671476	2456325.671476	12.427883	0.015778
56327.665388	2456327.665388	12.271672	0.014387
56327.665492	2456327.665492	12.347673	0.014676
56327.665608	2456327.665608	12.326174	0.014538
56328.665064	2456328.665064	12.405473	0.016972
56328.665168	2456328.665168	12.421190	0.016796
56328.665272	2456328.665272	12.323916	0.016492
56331.718628	2456331.718628	12.302500	0.014986
56331.718744	2456331.718744	12.290025	0.014549
56331.718860	2456331.718860	12.274971	0.014677
56332.666279	2456332.666279	12.440839	0.017316
56332.666395	2456332.666395	12.469117	0.017223
56332.666499	2456332.666499	12.390489	0.016880
56333.688096	2456333.688096	12.162966	0.014988
56333.688200	2456333.688200	12.141166	0.015080
56333.688316	2456333.688316	12.192215	0.015473
56334.669902	2456334.669902	12.376569	0.015115
56334.670017	2456334.670017	12.357366	0.014857
56334.670133	2456334.670133	12.365784	0.015062
56337.654288	2456337.654288	12.373937	0.014477
56337.654404	2456337.654404	12.302748	0.014345
56337.654508	2456337.654508	12.297681	0.014285
56338.646788	2456338.646788	12.457146	0.016282
56338.646892	2456338.646892	12.454787	0.015753
56338.647008	2456338.647008	12.399707	0.015675
56339.655527	2456339.655527	12.424152	0.015676
56339.655642	2456339.655642	12.344048	0.015286
56339.655758	2456339.655758	12.400840	0.015594
56340.634682	2456340.634682	12.385344	0.016729
56340.634786	2456340.634786	12.358467	0.016684
56340.634902	2456340.634902	12.397349	0.017043
56341.637529	2456341.637529	12.459676	0.016853
56341.637645	2456341.637645	12.381692	0.016182
56341.637749	2456341.637749	12.540115	0.017163
56342.636545	2456342.636545	12.414415	0.016047
56342.636649	2456342.636649	12.438409	0.016143
56342.636753	2456342.636753	12.355263	0.015612
56343.629450	2456343.629450	12.346913	0.015664
56343.629554	2456343.629554	12.311332	0.015370
56343.629659	2456343.629659	12.358820	0.015803
56345.632020	2456345.632020	12.399514	0.014621
56345.632135	2456345.632135	12.345959	0.014546
56345.632240	2456345.632240	12.342173	0.014453
56346.613409	2456346.613409	12.301894	0.016578
56346.613524	2456346.613524	12.248200	0.016180
56346.613628	2456346.613628	12.248804	0.016434
56347.613316	2456347.613316	12.340874	0.015048
56347.613420	2456347.613420	12.306753	0.015286
56347.613536	2456347.613536	12.121665	0.013257
56348.655399	2456348.655399	12.373683	0.016544
56348.655503	2456348.655503	12.345242	0.016550
56348.655608	2456348.655608	12.367481	0.016947
56349.605561	2456349.605561	12.349068	0.017855
56349.605677	2456349.605677	12.337001	0.017594
56349.605781	2456349.605781	12.398015	0.018226
56350.603200	2456350.603200	12.309892	0.018149
56350.603304	2456350.603304	12.284377	0.017813
56350.603409	2456350.603409	12.330911	0.017742
56351.600017	2456351.600017	12.412190	0.017305
56351.600133	2456351.600133	12.249703	0.016080
56351.600249	2456351.600249	12.349575	0.016749
56352.596973	2456352.596973	12.306001	0.015739
56352.597089	2456352.597089	12.210890	0.014010
56352.597205	2456352.597205	12.338280	0.016330
56353.618941	2456353.618941	12.282874	0.014244
56353.619045	2456353.619045	12.340203	0.014309
56353.619161	2456353.619161	12.261473	0.013967
56354.591591	2456354.591591	12.383957	0.017582
56354.591696	2456354.591696	12.506686	0.018266
56354.591800	2456354.591800	12.473170	0.018027
56355.600990	2456355.600990	12.464751	0.018820
56355.601094	2456355.601094	12.423508	0.017331
56355.601198	2456355.601198	12.418360	0.017105
56356.618941	2456356.618941	12.359265	0.015311
56356.619045	2456356.619045	12.387132	0.015562
56356.619161	2456356.619161	12.407145	0.015809
56357.610851	2456357.610851	12.460844	0.018213
56357.610955	2456357.610955	12.496431	0.017896
56357.611071	2456357.611071	12.491635	0.017254
56360.713258	2456360.713258	12.299271	0.013284
56360.713374	2456360.713374	12.349239	0.013496
56360.713490	2456360.713490	12.308839	0.013379
56361.606476	2456361.606476	12.384682	0.015669
56361.606580	2456361.606580	12.429896	0.015952
56361.606696	2456361.606696	12.421385	0.015944
56362.602714	2456362.602714	12.373439	0.016436
56362.602818	2456362.602818	12.420272	0.016527
56362.602922	2456362.602922	12.419406	0.016591
56363.567135	2456363.567135	12.464001	0.016712
56363.567228	2456363.567228	12.364221	0.016285
56363.567344	2456363.567344	12.398429	0.016568
56364.564566	2456364.564566	12.457294	0.017002
56364.564670	2456364.564670	12.419171	0.016963
56364.564786	2456364.564786	12.459460	0.017227
56365.561904	2456365.561904	12.425928	0.017325
56365.562008	2456365.562008	12.413901	0.017295
56365.562124	2456365.562124	12.444123	0.017489
56367.643802	2456367.643802	12.432573	0.014950
56367.676348	2456367.676348	12.419439	0.014988
56367.676453	2456367.676453	12.437325	0.014935
56368.553513	2456368.553513	12.205018	0.013577
56368.553628	2456368.553628	12.401236	0.015573
56368.553733	2456368.553733	12.226880	0.013782
56369.551499	2456369.551499	12.363808	0.017182
56369.551603	2456369.551603	12.246413	0.015381
56369.551719	2456369.551719	12.363445	0.016605
56370.625990	2456370.625990	12.417414	0.015071
56370.626094	2456370.626094	12.390650	0.014931
56370.626198	2456370.626198	12.393327	0.014915
56371.578617	2456371.578617	12.338570	0.015789
56371.578721	2456371.578721	12.345442	0.016039
56371.578837	2456371.578837	12.332396	0.015520
56373.540075	2456373.540075	12.389310	0.016287
56373.540191	2456373.540191	12.352834	0.016200
56373.540295	2456373.540295	12.338620	0.015960
56374.643084	2456374.643084	12.396575	0.015151
56374.643189	2456374.643189	12.406654	0.015041
56374.643304	2456374.643304	12.414860	0.015126
56375.568466	2456375.568466	12.416717	0.015270
56375.568582	2456375.568582	12.347471	0.015043
56375.568686	2456375.568686	12.326834	0.014981
56377.528976	2456377.528976	12.317520	0.022378
56377.529068	2456377.529068	12.436727	0.022824
56377.529184	2456377.529184	12.358093	0.021596
56379.523409	2456379.523409	12.280813	0.021048
56379.523513	2456379.523513	12.312121	0.021523
56379.523628	2456379.523628	12.225333	0.020742
56380.525457	2456380.525457	12.356510	0.020780
56380.525561	2456380.525561	12.324940	0.020612
56380.525677	2456380.525677	12.340226	0.021351
56381.518154	2456381.518154	12.308674	0.017027
56381.518258	2456381.518258	12.383835	0.017250
56381.518374	2456381.518374	12.413126	0.017525
56382.516372	2456382.516372	12.299373	0.032010
56382.516487	2456382.516487	12.439636	0.027754
56382.516591	2456382.516591	12.408968	0.028339
56383.512425	2456383.512425	12.614726	0.021558
56383.512541	2456383.512541	12.856553	0.024458
56383.512645	2456383.512645	12.555383	0.020714
56384.535538	2456384.535538	12.609411	0.020759
56384.535642	2456384.535642	12.567051	0.020636
56384.535747	2456384.535747	12.781602	0.023332
56385.506788	2456385.506788	12.489649	0.018502
56385.506904	2456385.506904	12.478308	0.018700
56385.507020	2456385.507020	12.531167	0.018837
56386.504358	2456386.504358	12.515317	0.019098
56386.504473	2456386.504473	12.467146	0.018920
56386.504578	2456386.504578	12.499703	0.019321
56387.501591	2456387.501591	12.495429	0.018113
56387.501707	2456387.501707	12.447713	0.018033
56387.501823	2456387.501823	12.496219	0.018246
56388.511973	2456388.511973	12.409398	0.017024
56388.512078	2456388.512078	12.428917	0.017111
56388.512193	2456388.512193	12.405476	0.016869
56389.509323	2456389.509323	12.511072	0.018428
56389.509427	2456389.509427	12.428202	0.018128
56389.509543	2456389.509543	12.453735	0.017908
56390.494670	2456390.494670	12.452968	0.017679
56390.494786	2456390.494786	12.508089	0.018099
56390.494890	2456390.494890	12.551812	0.018265
56391.520932	2456391.520932	12.298171	0.031556
56391.521047	2456391.521047	12.387353	0.030821
56391.521163	2456391.521163	12.318841	0.025578
56393.528640	2456393.528640	12.425028	0.016211
56393.528744	2456393.528744	12.444942	0.016349
56393.528860	2456393.528860	12.472099	0.016526
56394.542355	2456394.542355	12.538911	0.018011
56394.542471	2456394.542471	12.440540	0.016880
56394.542587	2456394.542587	12.407522	0.017173
56395.490909	2456395.490909	12.380345	0.017381
56395.491024	2456395.491024	12.433009	0.017692
56395.491128	2456395.491128	12.450586	0.017779
56396.490388	2456396.490388	12.405126	0.016716
56396.490492	2456396.490492	12.454611	0.016959
56396.490608	2456396.490608	12.413351	0.016650
56397.498374	2456397.498374	12.424740	0.016250
56397.498478	2456397.498478	12.406468	0.015884
56397.498582	2456397.498582	12.378272	0.015935
56398.504103	2456398.504103	12.352230	0.015328
56398.504219	2456398.504219	12.391786	0.015629
56398.504323	2456398.504323	12.364608	0.015667
56399.488096	2456399.488096	12.465278	0.016523
56399.488212	2456399.488212	12.428431	0.016270
56399.488316	2456399.488316	12.429203	0.016172
56400.533050	2456400.533050	12.331009	0.014792
56400.533166	2456400.533166	12.396834	0.015060
56400.533270	2456400.533270	12.383919	0.015442
56401.534103	2456401.534103	12.403997	0.015538
56401.534219	2456401.534219	12.451382	0.015673
56401.534323	2456401.534323	12.377807	0.015173
56402.527159	2456402.527159	12.366936	0.014922
56402.527274	2456402.527274	12.393187	0.015300
56402.527378	2456402.527378	12.373252	0.015043
56403.658524	2456403.658524	12.407977	0.015163
56403.658640	2456403.658640	12.411482	0.015087
56403.658756	2456403.658756	12.386912	0.014982
56404.498166	2456404.498166	12.334657	0.015682
56404.498281	2456404.498281	12.346996	0.015971
56404.498397	2456404.498397	12.309044	0.015629
56405.483872	2456405.483872	12.220048	0.043283
56405.483976	2456405.483976	12.460381	0.052154
56405.484091	2456405.484091	12.187425	0.045596
56406.548906	2456406.548906	12.359404	0.039939
56406.549010	2456406.549010	12.339966	0.036479
56406.549126	2456406.549126	12.271102	0.039858
56407.482807	2456407.482807	12.320968	0.017299
56407.482911	2456407.482911	12.354299	0.017422
56407.483015	2456407.483015	12.246558	0.017223
56408.482170	2456408.482170	12.377337	0.021200
56408.482286	2456408.482286	12.325497	0.019987
56408.482390	2456408.482390	12.402350	0.022238
56409.501892	2456409.501892	12.267834	0.017851
56409.501997	2456409.501997	12.275593	0.017087
56409.502101	2456409.502101	12.227890	0.016492
56410.576221	2456410.576221	12.306002	0.014752
56410.576314	2456410.576314	12.366146	0.014838
56410.576429	2456410.576429	12.339883	0.014758
56411.573490	2456411.573490	12.435955	0.015302
56411.573594	2456411.573594	12.402147	0.015083
56411.573698	2456411.573698	12.417776	0.015186
56412.725631	2456412.725631	12.384758	0.018246
56412.725747	2456412.725747	12.327805	0.021828
56414.564126	2456414.564126	12.482161	0.016463
56414.564242	2456414.564242	12.490399	0.016302
56414.564346	2456414.564346	12.401269	0.015639
56853.495041	2456853.495041	12.130090	0.036495
56853.495168	2456853.495168	12.058968	0.036395
56853.495272	2456853.495272	12.230625	0.037114
56856.476626	2456856.476626	12.439329	0.017072
56856.476742	2456856.476742	12.431590	0.017231
56856.476881	2456856.476881	12.419630	0.017029
56857.477378	2456857.477378	12.346892	0.017380
56857.477494	2456857.477494	12.376985	0.017614
56857.477610	2456857.477610	12.342071	0.017309
56858.478235	2456858.478235	12.395339	0.017651
56858.478351	2456858.478351	12.416946	0.017759
56858.478455	2456858.478455	12.411192	0.017587
56859.478976	2456859.478976	12.652269	0.020719
56859.479091	2456859.479091	12.711184	0.021298
56859.479207	2456859.479207	12.605048	0.019709
56862.559589	2456862.559589	12.464724	0.017918
56862.559716	2456862.559716	12.448429	0.017956
56862.559821	2456862.559821	12.479833	0.018289
56863.560828	2456863.560828	12.478997	0.017891
56863.560943	2456863.560943	12.518426	0.018404
56863.561059	2456863.561059	12.477991	0.017930
56864.561615	2456864.561615	12.401367	0.018103
56864.561730	2456864.561730	12.424153	0.018593
56864.561846	2456864.561846	12.441560	0.018467
56866.487853	2456866.487853	12.493648	0.027168
56866.487957	2456866.487957	12.433372	0.026437
56866.488073	2456866.488073	12.509076	0.027376
56867.489022	2456867.489022	12.289118	0.017046
56867.489138	2456867.489138	12.334875	0.017200
56867.489253	2456867.489253	12.317013	0.017256
56870.487170	2456870.487170	12.366346	0.016791
56870.487309	2456870.487309	12.340378	0.016778
56870.487448	2456870.487448	12.328757	0.017001
56871.488791	2456871.488791	12.524447	0.021614
56871.488906	2456871.488906	12.429086	0.021192
56871.489034	2456871.489034	12.451896	0.022185
56872.489682	2456872.489682	12.378267	0.017436
56872.489797	2456872.489797	12.371161	0.017419
56872.489913	2456872.489913	12.395565	0.017673
56873.490527	2456873.490527	12.459200	0.017672
56873.490642	2456873.490642	12.464871	0.017710
56873.490758	2456873.490758	12.473927	0.017700
56874.492078	2456874.492078	12.377347	0.016916
56874.492193	2456874.492193	12.362253	0.016815
56874.492309	2456874.492309	12.325838	0.016544
56876.483675	2456876.483675	12.256708	0.016851
56876.483791	2456876.483791	12.334138	0.016893
56876.483906	2456876.483906	12.174545	0.016442
56877.484358	2456877.484358	12.334258	0.016543
56877.484473	2456877.484473	12.344547	0.016312
56877.484589	2456877.484589	12.369954	0.016661
56878.485006	2456878.485006	12.354147	0.016309
56878.485133	2456878.485133	12.379097	0.016610
56878.485260	2456878.485260	12.382050	0.016464
56879.486047	2456879.486047	12.368667	0.016531
56879.486163	2456879.486163	12.360593	0.016433
56879.486279	2456879.486279	12.398449	0.016641
56880.486360	2456880.486360	12.329021	0.016509
56880.486476	2456880.486476	12.345992	0.016519
56880.486591	2456880.486591	12.363618	0.016582
56881.487459	2456881.487459	12.359846	0.017578
56881.487564	2456881.487564	12.414059	0.017649
56881.487679	2456881.487679	12.355109	0.017169
56882.488177	2456882.488177	12.581671	0.020123
56882.488293	2456882.488293	12.608518	0.020224
56882.488420	2456882.488420	12.554058	0.019678
56883.488976	2456883.488976	12.267508	0.019350
56883.489080	2456883.489080	12.337945	0.019332
56883.489207	2456883.489207	12.400108	0.019314
56884.556325	2456884.556325	12.284061	0.016177
56884.556453	2456884.556453	12.383604	0.016515
56884.556568	2456884.556568	12.331144	0.016490
56885.556973	2456885.556973	12.503237	0.019866
56885.557089	2456885.557089	12.482572	0.019633
56885.557205	2456885.557205	12.480942	0.019507
56886.557321	2456886.557321	12.469813	0.018090
56886.557436	2456886.557436	12.443038	0.018116
56886.557552	2456886.557552	12.438501	0.018345
56888.558999	2456888.558999	12.460052	0.018905
56888.559115	2456888.559115	12.492470	0.019074
56888.559242	2456888.559242	12.412139	0.018549
56889.559624	2456889.559624	12.363895	0.018482
56889.559740	2456889.559740	12.322906	0.018220
56889.559855	2456889.559855	12.368478	0.018447
56890.560376	2456890.560376	12.417836	0.018711
56890.560492	2456890.560492	12.534203	0.019561
56890.560619	2456890.560619	12.407094	0.018680
56891.560804	2456891.560804	12.733514	0.023546
56891.560932	2456891.560932	12.488971	0.019136
56891.561047	2456891.561047	12.456238	0.019178
56892.561337	2456892.561337	12.683070	0.024439
56892.561453	2456892.561453	12.810099	0.029594
56892.561568	2456892.561568	12.708567	0.023776
56894.489207	2456894.489207	12.532361	0.019709
56894.489323	2456894.489323	12.570424	0.019957
56894.489439	2456894.489439	12.612854	0.020829
56895.490249	2456895.490249	12.469187	0.018434
56895.490365	2456895.490365	12.456492	0.018600
56895.490503	2456895.490503	12.412724	0.018153
56903.512899	2456903.512899	12.306898	0.017903
56903.513015	2456903.513015	12.195680	0.017369
56904.513675	2456904.513675	12.374960	0.017186
56904.513802	2456904.513802	12.461359	0.017656
56904.513918	2456904.513918	12.384367	0.016897
56906.502240	2456906.502240	12.401847	0.017240
56906.502355	2456906.502355	12.396211	0.016955
56906.502483	2456906.502483	12.333939	0.016550
56907.502703	2456907.502703	12.327724	0.016408
56907.502818	2456907.502818	12.280667	0.016343
56907.502946	2456907.502946	12.340276	0.016624
56908.503084	2456908.503084	12.353546	0.040048
56908.503212	2456908.503212	12.334887	0.043592
56908.503328	2456908.503328	12.552740	0.051655
56909.503976	2456909.503976	12.217488	0.015273
56909.504091	2456909.504091	12.259070	0.015275
56909.504219	2456909.504219	12.258788	0.015181
56910.504647	2456910.504647	12.519320	0.019453
56910.504763	2456910.504763	12.515678	0.019440
56910.504890	2456910.504890	12.502704	0.019639
56911.505156	2456911.505156	12.478018	0.038351
56911.505284	2456911.505284	12.491557	0.033241
56911.505411	2456911.505411	12.400258	0.033193
56912.505770	2456912.505770	12.415536	0.020231
56912.505897	2456912.505897	12.359722	0.019812
56912.506013	2456912.506013	12.480430	0.020153
56915.497506	2456915.497506	12.459455	0.018691
56915.497633	2456915.497633	12.431053	0.018645
56915.497749	2456915.497749	12.439791	0.018457
56916.498397	2456916.498397	12.541181	0.028769
56916.498524	2456916.498524	12.600888	0.034052
56916.498652	2456916.498652	12.571801	0.029056
56919.510608	2456919.510608	12.480326	0.020266
56919.510735	2456919.510735	12.528281	0.020564
56919.510851	2456919.510851	12.537920	0.020735
56921.511383	2456921.511383	12.376791	0.019299
56921.511510	2456921.511510	12.467797	0.020074
56921.511626	2456921.511626	12.409600	0.019495
56922.511672	2456922.511672	12.512773	0.020735
56922.511788	2456922.511788	12.441057	0.020129
56922.511916	2456922.511916	12.499701	0.020705
56924.501672	2456924.501672	12.511010	0.020887
56924.501788	2456924.501788	12.572042	0.021614
56924.501916	2456924.501916	12.574512	0.021912
56997.830075	2456997.830075	12.350109	0.028560
56997.830191	2456997.830191	12.383407	0.028196
56997.830307	2456997.830307	12.317985	0.027166
56998.831221	2456998.831221	12.322839	0.027181
56998.831348	2456998.831348	12.444400	0.029591
56998.831476	2456998.831476	12.279387	0.026642
56999.831985	2456999.831985	12.466516	0.024986
56999.832101	2456999.832101	12.352300	0.023234
56999.832240	2456999.832240	12.315841	0.022833
57002.820226	2457002.820226	12.269778	0.019198
57002.820341	2457002.820341	12.171689	0.018541
57002.820469	2457002.820469	12.245712	0.018974
57004.811267	2457004.811267	12.130799	0.015464
57004.811383	2457004.811383	12.215861	0.015780
57004.811499	2457004.811499	12.239897	0.015736
57006.806418	2457006.806418	12.917331	0.020663
57006.806534	2457006.806534	12.975026	0.021267
57006.806649	2457006.806649	13.044003	0.022212
57008.800122	2457008.800122	12.182595	0.016401
57008.800249	2457008.800249	12.171608	0.016173
57008.800376	2457008.800376	12.269241	0.016618
57009.812182	2457009.812182	12.285141	0.016826
57009.812321	2457009.812321	12.287706	0.016498
57009.812483	2457009.812483	12.232825	0.016136
57010.814230	2457010.814230	12.236104	0.016172
57010.814358	2457010.814358	12.301978	0.016771
57010.814462	2457010.814462	12.302750	0.016656
57011.814659	2457011.814659	12.212541	0.017034
57011.814774	2457011.814774	12.226022	0.017027
57011.814925	2457011.814925	12.230028	0.016818
57016.779659	2457016.779659	12.298965	0.017382
57016.779821	2457016.779821	12.268575	0.017465
57016.779936	2457016.779936	12.263354	0.017118
57018.833791	2457018.833791	12.265153	0.015785
57018.833976	2457018.833976	12.263147	0.015890
57018.834172	2457018.834172	12.286163	0.016082
57019.834994	2457019.834994	12.280166	0.016403
57019.835191	2457019.835191	12.303440	0.016449
57019.835399	2457019.835399	12.338695	0.016613
57020.835978	2457020.835978	12.264306	0.015830
57020.836128	2457020.836128	12.259829	0.015636
57020.836348	2457020.836348	12.240024	0.015372
57021.836997	2457021.836997	12.289931	0.016574
57021.837170	2457021.837170	12.302043	0.016700
57021.837367	2457021.837367	12.267969	0.016462
57023.759508	2457023.759508	12.195719	0.019922
57023.759624	2457023.759624	12.211101	0.020099
57023.759774	2457023.759774	12.397147	0.022801
57024.760284	2457024.760284	12.291477	0.022799
57024.760492	2457024.760492	12.300793	0.023372
57024.760619	2457024.760619	12.292466	0.022335
57025.760851	2457025.760851	12.305813	0.023545
57025.761013	2457025.761013	12.363971	0.024709
57025.761175	2457025.761175	12.297206	0.023130
57026.762089	2457026.762089	12.281855	0.024811
57026.762216	2457026.762216	12.255354	0.025462
57026.762344	2457026.762344	12.290902	0.025781
57029.743131	2457029.743131	12.339781	0.023190
57029.743443	2457029.743443	12.332899	0.022986
57029.743617	2457029.743617	12.294431	0.022459
57030.743675	2457030.743675	12.308956	0.021428
57030.743791	2457030.743791	12.379183	0.022444
57030.743906	2457030.743906	12.342936	0.021967
57032.735284	2457032.735284	12.450086	0.022074
57032.735399	2457032.735399	12.323980	0.021175
57032.735515	2457032.735515	12.257806	0.019891
57033.832089	2457033.832089	12.252126	0.014945
57033.832297	2457033.832297	12.256198	0.015002
57033.832494	2457033.832494	12.199798	0.014842
57035.837078	2457035.837078	12.318243	0.015114
57035.837182	2457035.837182	12.318085	0.015296
57035.837309	2457035.837309	12.283703	0.015175
57036.837610	2457036.837610	12.330486	0.015695
57036.837737	2457036.837737	12.299332	0.015694
57036.837865	2457036.837865	12.328962	0.015877
57037.838640	2457037.838640	12.299081	0.015696
57037.838756	2457037.838756	12.339550	0.015997
57037.838883	2457037.838883	12.346527	0.015907
57038.839311	2457038.839311	12.320206	0.016054
57038.839450	2457038.839450	12.321967	0.016197
57038.839578	2457038.839578	12.344698	0.016288
57039.839867	2457039.839867	12.351880	0.016734
57039.840029	2457039.840029	12.359509	0.016963
57039.840156	2457039.840156	12.332835	0.016713
57040.841499	2457040.841499	12.339900	0.016239
57040.841626	2457040.841626	12.319057	0.016116
57040.841753	2457040.841753	12.335879	0.016114
57041.842784	2457041.842784	12.261395	0.016293
57041.842911	2457041.842911	12.292768	0.016514
57041.843050	2457041.843050	12.328010	0.016797
57043.711464	2457043.711464	12.326871	0.017767
57043.711580	2457043.711580	12.307371	0.017654
57043.711707	2457043.711707	12.317737	0.017670
57044.712876	2457044.712876	12.238071	0.017781
57044.713003	2457044.713003	12.398764	0.019405
57044.713131	2457044.713131	12.289945	0.017422
57051.685098	2457051.685098	12.311745	0.022249
57051.685284	2457051.685284	12.281728	0.022390
57051.685434	2457051.685434	12.409288	0.023706
57052.686348	2457052.686348	12.324716	0.022572
57052.686464	2457052.686464	12.301131	0.022878
57052.686672	2457052.686672	12.351374	0.023195
57053.686950	2457053.686950	12.275101	0.022591
57053.687159	2457053.687159	12.303678	0.021937
57053.687402	2457053.687402	12.340490	0.022143
57054.688547	2457054.688547	12.380971	0.025349
57054.688802	2457054.688802	12.315629	0.023548
57054.688918	2457054.688918	12.383168	0.024179
57055.689659	2457055.689659	12.313589	0.024895
57055.689797	2457055.689797	12.312369	0.027694
57055.689983	2457055.689983	12.382451	0.027579
57056.697922	2457056.697922	12.343322	0.022890
57056.698038	2457056.698038	12.485351	0.024405
57056.698189	2457056.698189	12.359824	0.022879
57057.698501	2457057.698501	12.345376	0.023991
57057.698628	2457057.698628	12.433104	0.024066
57057.698825	2457057.698825	12.209228	0.025826
57059.729693	2457059.729693	12.409715	0.023360
57059.729890	2457059.729890	12.437050	0.023502
57059.730075	2457059.730075	12.369262	0.023018
57061.657934	2457061.657934	12.274420	0.017899
57061.658084	2457061.658084	12.272878	0.017868
57061.658200	2457061.658200	12.276950	0.017877
56738.540133	2456738.540133	12.453394	0.020110
56738.540249	2456738.540249	12.458561	0.020413
56738.540365	2456738.540365	12.459972	0.019981
56739.540469	2456739.540469	12.356525	0.018679
56739.540584	2456739.540584	12.346001	0.018643
56739.540700	2456739.540700	12.391520	0.018654
56740.541071	2456740.541071	12.536640	0.020418
56740.541198	2456740.541198	12.538597	0.020541
56740.541325	2456740.541325	12.475110	0.020013
56741.541730	2456741.541730	12.496548	0.019473
56741.541858	2456741.541858	12.558919	0.019629
56741.541997	2456741.541997	12.489721	0.019274
56742.542205	2456742.542205	12.376239	0.019349
56742.542321	2456742.542321	12.424642	0.019459
56742.542425	2456742.542425	12.318141	0.019045
56743.543999	2456743.543999	12.585346	0.022284
56743.544126	2456743.544126	12.420736	0.018770
56743.544300	2456743.544300	12.396114	0.018398
56744.544936	2456744.544936	12.479669	0.019174
56744.545052	2456744.545052	12.398709	0.018706
56744.545179	2456744.545179	12.466674	0.019404
56745.546626	2456745.546626	12.426651	0.019183
56745.546742	2456745.546742	12.414033	0.018684
56745.546869	2456745.546869	12.514412	0.019440
56746.547159	2456746.547159	12.438307	0.018829
56746.547274	2456746.547274	12.457582	0.019122
56746.547390	2456746.547390	12.467760	0.019650
56747.549682	2456747.549682	12.434563	0.018208
56747.549797	2456747.549797	12.345828	0.018097
56747.549925	2456747.549925	12.328137	0.017574
56749.551672	2456749.551672	12.396290	0.018786
56749.551788	2456749.551788	12.399485	0.018407
56749.551892	2456749.551892	12.367349	0.018354
56750.552459	2456750.552459	12.495185	0.019344
56750.552575	2456750.552575	12.521059	0.019497
56750.552679	2456750.552679	12.533278	0.019741
56751.553536	2456751.553536	12.429435	0.019334
56751.553640	2456751.553640	12.388659	0.018851
56751.553756	2456751.553756	12.450026	0.019334
56752.555573	2456752.555573	12.327120	0.017143
56752.555689	2456752.555689	12.346485	0.017317
56752.555804	2456752.555804	12.433804	0.017629
56753.556221	2456753.556221	12.492402	0.019264
56753.556325	2456753.556325	12.476790	0.019029
56753.556453	2456753.556453	12.464538	0.019386
56754.556800	2456754.556800	12.587271	0.021018
56754.556916	2456754.556916	12.626683	0.021753
56754.557043	2456754.557043	12.606570	0.021392
56755.557147	2456755.557147	12.572609	0.022164
56755.557274	2456755.557274	12.549525	0.020386
56755.557390	2456755.557390	12.477646	0.020261
56756.558084	2456756.558084	12.432347	0.017147
56756.558212	2456756.558212	12.409051	0.017080
56756.558328	2456756.558328	12.477042	0.017267
56757.558941	2456757.558941	12.528180	0.018207
56757.559057	2456757.559057	12.400059	0.017520
56757.559172	2456757.559172	12.472751	0.017796
56758.559381	2456758.559381	12.350869	0.017978
56758.559497	2456758.559497	12.294060	0.017296
56758.559612	2456758.559612	12.356623	0.017839
56759.560122	2456759.560122	12.395103	0.016256
56759.560249	2456759.560249	12.393966	0.016273
56759.560365	2456759.560365	12.364901	0.016178
56760.627459	2456760.627459	12.393950	0.015613
56760.627575	2456760.627575	12.366303	0.015501
56760.627691	2456760.627691	12.339360	0.015398
56761.642367	2456761.642367	12.134166	0.013801
56761.642494	2456761.642494	12.056544	0.012817
56761.642610	2456761.642610	11.943664	0.012286
56762.642703	2456762.642703	12.392556	0.020383
56762.642818	2456762.642818	12.448152	0.021107
56762.642922	2456762.642922	12.354711	0.019467
56763.643872	2456763.643872	12.340419	0.018063
56763.643987	2456763.643987	12.375549	0.018302
56763.644115	2456763.644115	12.341532	0.017852
56764.644369	2456764.644369	12.209751	0.014124
56764.644485	2456764.644485	12.225189	0.013848
56764.644601	2456764.644601	12.415675	0.016323
56765.645214	2456765.645214	12.312082	0.015780
56765.645341	2456765.645341	12.399423	0.016144
56765.645457	2456765.645457	12.367132	0.015931
56766.645573	2456766.645573	12.437573	0.016570
56766.645689	2456766.645689	12.487709	0.017007
56766.645816	2456766.645816	12.473881	0.016807
56767.646916	2456767.646916	12.402237	0.017004
56767.647043	2456767.647043	12.401353	0.016837
56767.647170	2456767.647170	12.381780	0.016746
56768.657679	2456768.657679	12.408531	0.030030
56768.668212	2456768.668212	12.240379	0.014304
56768.668339	2456768.668339	12.304778	0.014562
56769.658177	2456769.658177	12.458526	0.017213
56769.658293	2456769.658293	12.447546	0.017269
56769.658409	2456769.658409	12.490714	0.017551
56770.659786	2456770.659786	12.418174	0.016957
56770.659913	2456770.659913	12.432526	0.017170
56770.660041	2456770.660041	12.394537	0.016999
56771.660874	2456771.660874	12.328498	0.016264
56771.660990	2456771.660990	12.398521	0.016670
56771.661105	2456771.661105	12.390889	0.016873
56772.661603	2456772.661603	12.410165	0.017055
56772.661719	2456772.661719	12.459706	0.017574
56772.661834	2456772.661834	12.462388	0.017518
56773.663675	2456773.663675	12.319024	0.016135
56773.663791	2456773.663791	12.276992	0.016469
56773.663906	2456773.663906	12.327557	0.017378
56775.481175	2456775.481175	12.392475	0.017804
56775.481291	2456775.481291	12.409113	0.018174
56775.481406	2456775.481406	12.458520	0.018276
56776.481962	2456776.481962	12.522875	0.019081
56776.482089	2456776.482089	12.471156	0.018627
56776.482205	2456776.482205	12.564053	0.019373
56777.513432	2456777.513432	12.410403	0.018268
56777.513559	2456777.513559	12.411286	0.018420
56777.513675	2456777.513675	12.357247	0.017575
56778.514288	2456778.514288	12.437768	0.018037
56778.514416	2456778.514416	12.468114	0.018254
56778.514531	2456778.514531	12.491921	0.018129
56779.539647	2456779.539647	12.309175	0.014518
56779.539763	2456779.539763	12.220744	0.013722
56779.539878	2456779.539878	12.210556	0.013499
56781.477818	2456781.477818	12.360111	0.017916
56781.477934	2456781.477934	12.352391	0.017723
56781.478050	2456781.478050	12.419097	0.017983
56783.479381	2456783.479381	12.393513	0.017540
56783.479520	2456783.479520	12.461803	0.017658
56783.479624	2456783.479624	12.415798	0.017544
56784.480376	2456784.480376	12.424388	0.018592
56784.480492	2456784.480492	12.372955	0.018304
56784.480608	2456784.480608	12.408036	0.018505
56785.481453	2456785.481453	12.431757	0.017583
56785.481580	2456785.481580	12.409678	0.017592
56785.481684	2456785.481684	12.406871	0.017508
56786.482332	2456786.482332	12.432536	0.017758
56786.482448	2456786.482448	12.379544	0.017579
56786.482564	2456786.482564	12.443233	0.017614
56787.483166	2456787.483166	12.035251	0.017788
56787.483281	2456787.483281	12.038574	0.018311
56787.483385	2456787.483385	12.296924	0.031262
56788.741742	2456788.741742	12.278915	0.019282
56788.741846	2456788.741846	12.347678	0.018995
56788.741973	2456788.741973	12.204479	0.019142
56789.742170	2456789.742170	12.363671	0.018188
56789.742297	2456789.742297	12.343912	0.018067
56789.742413	2456789.742413	12.383280	0.018157
56790.742714	2456790.742714	12.336943	0.031139
56790.742818	2456790.742818	12.373168	0.032826
56790.742946	2456790.742946	12.294169	0.030786
56791.743038	2456791.743038	12.345739	0.023530
56791.743154	2456791.743154	12.354429	0.024460
56791.743270	2456791.743270	12.345762	0.022577
56792.745006	2456792.745006	12.404041	0.024005
56792.745122	2456792.745122	12.417979	0.023722
56792.745237	2456792.745237	12.370636	0.022121
56793.745353	2456793.745353	12.272460	0.018543
56793.745469	2456793.745469	12.296432	0.018878
56793.745573	2456793.745573	12.241659	0.018602
56794.746186	2456794.746186	12.181536	0.016298
56794.746302	2456794.746302	12.098772	0.015745
56794.746418	2456794.746418	12.107595	0.015587
56795.746580	2456795.746580	12.268811	0.018267
56795.746696	2456795.746696	12.331496	0.018194
56795.746811	2456795.746811	12.321183	0.018274
56796.746892	2456796.746892	12.297583	0.015160
56796.747008	2456796.747008	12.205071	0.013800
56796.747135	2456796.747135	12.242054	0.013750
56797.747251	2456797.747251	12.248901	0.021804
56797.747355	2456797.747355	12.031659	0.016266
56797.747471	2456797.747471	12.166560	0.015819
56799.792946	2456799.792946	12.464873	0.018070
56799.793073	2456799.793073	12.507017	0.018631
56799.793200	2456799.793200	12.527390	0.018677
56801.517367	2456801.517367	12.443221	0.018336
56801.517494	2456801.517494	12.478331	0.018882
56801.517622	2456801.517622	12.459851	0.018789
56802.564277	2456802.564277	12.469509	0.018699
56802.564381	2456802.564381	12.469534	0.018354
56802.564485	2456802.564485	12.509609	0.018707
56803.564647	2456803.564647	12.358156	0.018687
56803.564763	2456803.564763	12.330549	0.017336
56803.564867	2456803.564867	12.412542	0.018070
56804.566291	2456804.566291	12.342023	0.015574
56804.566395	2456804.566395	12.312212	0.015239
56804.566499	2456804.566499	12.353599	0.015507
56805.566939	2456805.566939	12.359935	0.017672
56805.567054	2456805.567054	12.429060	0.017852
56805.567159	2456805.567159	12.304172	0.017014
56808.483073	2456808.483073	12.468490	0.018661
56808.483200	2456808.483200	12.511046	0.019138
56808.483328	2456808.483328	12.500013	0.018883
56809.483953	2456809.483953	12.397980	0.017523
56809.484057	2456809.484057	12.453199	0.017828
56809.484172	2456809.484172	12.407318	0.017808
56810.484300	2456810.484300	12.502083	0.018273
56810.484416	2456810.484416	12.495184	0.018301
56810.484520	2456810.484520	12.478503	0.018038
56811.484670	2456811.484670	12.493079	0.018688
56811.484786	2456811.484786	12.414883	0.017761
56811.484902	2456811.484902	12.443921	0.017629
56814.469334	2456814.469334	12.436048	0.017983
56814.469450	2456814.469450	12.435568	0.018164
56814.469554	2456814.469554	12.491911	0.018335
56816.610203	2456816.610203	12.398623	0.016949
56816.610318	2456816.610318	12.444200	0.017118
56816.610434	2456816.610434	12.420293	0.017009
56818.611094	2456818.611094	12.414909	0.035403
56818.611198	2456818.611198	12.269047	0.036038
56818.611314	2456818.611314	12.344478	0.040616
56821.580052	2456821.580052	12.549948	0.030408
56821.580179	2456821.580179	12.399484	0.025999
56821.580307	2456821.580307	12.388967	0.028655
56822.609751	2456822.609751	12.256720	0.013911
56822.609855	2456822.609855	12.275409	0.013910
56822.609971	2456822.609971	12.201157	0.013666
56823.610203	2456823.610203	12.403189	0.015331
56823.610318	2456823.610318	12.444593	0.015742
56823.610434	2456823.610434	12.363700	0.015623
56824.610399	2456824.610399	12.582571	0.018433
56824.610515	2456824.610515	12.580699	0.018680
56824.610631	2456824.610631	12.539720	0.018613
56825.610874	2456825.610874	12.474695	0.017596
56825.611013	2456825.611013	12.467916	0.017644
56825.611128	2456825.611128	12.490206	0.017534
56826.611302	2456826.611302	12.632712	0.023617
56826.611418	2456826.611418	12.627019	0.022137
56826.611534	2456826.611534	12.617436	0.021807
56827.612703	2456827.612703	12.726298	0.025033
56827.612807	2456827.612807	12.666241	0.023435
56827.612922	2456827.612922	12.789600	0.026570
56828.613015	2456828.613015	12.501634	0.018597
56828.613131	2456828.613131	12.496153	0.018625
56828.613247	2456828.613247	12.511839	0.018544
56829.614392	2456829.614392	12.508769	0.018277
56829.614508	2456829.614508	12.514967	0.018335
56829.614624	2456829.614624	12.547663	0.018470
56830.615203	2456830.615203	12.365924	0.016443
56830.615318	2456830.615318	12.332143	0.015068
56830.615422	2456830.615422	12.316354	0.014915
56831.616522	2456831.616522	12.382745	0.016323
56831.616649	2456831.616649	12.516000	0.017175
56831.616777	2456831.616777	12.468316	0.017300
56832.617703	2456832.617703	12.350962	0.021706
56832.617818	2456832.617818	12.475952	0.022665
56832.617934	2456832.617934	12.399231	0.034468
56833.619057	2456833.619057	12.405129	0.017227
56833.619172	2456833.619172	12.398954	0.017291
56833.619288	2456833.619288	12.458827	0.017656
56835.675249	2456835.675249	12.287532	0.015502
56835.675411	2456835.675411	12.330203	0.015510
56835.675527	2456835.675527	12.333563	0.015688
56836.675550	2456836.675550	12.335120	0.015274
56836.675666	2456836.675666	12.355061	0.015310
56836.675770	2456836.675770	12.341839	0.015198
56837.676198	2456837.676198	12.370108	0.015188
56837.676314	2456837.676314	12.362846	0.015158
56837.676429	2456837.676429	12.386920	0.015341
56838.676696	2456838.676696	12.231938	0.013714
56838.676811	2456838.676811	12.198454	0.013600
56838.676916	2456838.676916	12.285683	0.013931
56839.677135	2456839.677135	12.376551	0.015343
56839.677251	2456839.677251	12.384399	0.015429
56839.677367	2456839.677367	12.391914	0.015474
56841.686487	2456841.686487	12.146867	0.016417
56841.686672	2456841.686672	12.227139	0.014980
56841.686777	2456841.686777	12.172530	0.015723
56844.473166	2456844.473166	12.400328	0.016869
56844.473270	2456844.473270	12.402721	0.016720
56844.473397	2456844.473397	12.411398	0.016829
56845.473397	2456845.473397	12.440915	0.017340
56845.473536	2456845.473536	12.396719	0.017039
56845.473652	2456845.473652	12.388865	0.016967
56847.475503	2456847.475503	12.389733	0.018256
56847.475631	2456847.475631	12.401350	0.018187
56847.475735	2456847.475735	12.406963	0.018294
56848.476603	2456848.476603	12.361217	0.017153
56848.476730	2456848.476730	12.438238	0.017473
56848.476846	2456848.476846	12.378506	0.017086
56850.690006	2456850.690006	12.482316	0.026175
56850.690122	2456850.690122	12.470276	0.027629
56850.690226	2456850.690226	12.436821	0.029831
56415.705839	2456415.705839	12.480656	0.014726
56415.705943	2456415.705943	12.429061	0.014587
56415.706047	2456415.706047	12.390181	0.014343
56416.559427	2456416.559427	12.459238	0.016215
56416.559531	2456416.559531	12.417274	0.016199
56416.559635	2456416.559635	12.392939	0.015866
56417.495966	2456417.495966	12.445256	0.015981
56417.496082	2456417.496082	12.413191	0.015580
56417.496186	2456417.496186	12.481731	0.016019
56418.496777	2456418.496777	12.424750	0.015070
56418.496881	2456418.496881	12.407589	0.014842
56418.496985	2456418.496985	12.351692	0.014502
56419.476429	2456419.476429	12.436208	0.016022
56419.476534	2456419.476534	12.456177	0.015977
56419.476649	2456419.476649	12.434436	0.016495
56420.476186	2456420.476186	12.388351	0.015189
56420.476406	2456420.476406	12.383040	0.015332
56421.547228	2456421.547228	12.481149	0.016534
56421.547332	2456421.547332	12.471832	0.016393
56421.547436	2456421.547436	12.441132	0.015792
56423.516904	2456423.516904	12.363879	0.014885
56423.517020	2456423.517020	12.336258	0.014703
56423.517135	2456423.517135	12.404459	0.015146
56424.498547	2456424.498547	12.429142	0.015463
56428.684682	2456428.684682	12.268750	0.012545
56428.684797	2456428.684797	12.251842	0.011990
56428.684902	2456428.684902	12.336646	0.012965
56432.483223	2456432.483223	12.413989	0.015656
56432.483328	2456432.483328	12.377067	0.015600
56432.483443	2456432.483443	12.397637	0.015694
56433.492390	2456433.492390	12.389035	0.015064
56433.492506	2456433.492506	12.400869	0.015314
56433.492610	2456433.492610	12.432121	0.015261
56434.472541	2456434.472541	12.359731	0.014197
56434.472645	2456434.472645	12.378925	0.014301
56434.472749	2456434.472749	12.391496	0.014469
56435.470851	2456435.470851	12.341511	0.014040
56435.470966	2456435.470966	12.297427	0.013582
56435.471071	2456435.471071	12.318179	0.013720
56438.470272	2456438.470272	12.406609	0.014937
56438.470376	2456438.470376	12.379640	0.014785
56438.470480	2456438.470480	12.368300	0.014883
56439.511534	2456439.511534	12.374253	0.016816
56439.511638	2456439.511638	12.426965	0.017531
56439.511753	2456439.511753	12.399317	0.017076
56442.483721	2456442.483721	12.352608	0.016101
56442.483837	2456442.483837	12.323725	0.015839
56442.483941	2456442.483941	12.331125	0.016018
56443.469890	2456443.469890	12.358563	0.024237
56443.469994	2456443.469994	12.465792	0.025202
56443.470110	2456443.470110	12.413031	0.025026
56458.469809	2456458.469809	12.231091	0.013166
56458.469925	2456458.469925	12.280572	0.013131
56458.470029	2456458.470029	12.307313	0.013703
56459.469902	2456459.469902	12.448780	0.015967
56459.470006	2456459.470006	12.438835	0.015773
56459.470110	2456459.470110	12.435048	0.015835
56460.469520	2456460.469520	12.372162	0.016888
56460.469624	2456460.469624	12.385650	0.016594
56460.469740	2456460.469740	12.363357	0.016287
56461.472841	2456461.472841	12.372152	0.014693
56461.472946	2456461.472946	12.367704	0.014642
56461.473050	2456461.473050	12.351414	0.014667
56463.472413	2456463.472413	12.398131	0.015109
56463.472517	2456463.472517	12.384700	0.015074
56463.472633	2456463.472633	12.374725	0.014942
56464.470897	2456464.470897	12.346897	0.013761
56464.471013	2456464.471013	12.344329	0.013690
56464.471117	2456464.471117	12.299290	0.013524
56465.470191	2456465.470191	12.339428	0.013725
56465.470307	2456465.470307	12.311614	0.013478
56465.470411	2456465.470411	12.383789	0.013861
56467.471916	2456467.471916	12.405591	0.014840
56467.472020	2456467.472020	12.401956	0.014939
56467.472135	2456467.472135	12.370650	0.014796
56468.483096	2456468.483096	12.379879	0.015324
56468.483200	2456468.483200	12.378158	0.015359
56468.483304	2456468.483304	12.385630	0.015355
56469.471684	2456469.471684	12.451698	0.016209
56469.471788	2456469.471788	12.424857	0.015843
56469.471892	2456469.471892	12.455907	0.015956
56472.477784	2456472.477784	12.423304	0.052014
56472.477899	2456472.477899	12.363799	0.052621
56472.478003	2456472.478003	12.294710	0.052848
56473.471927	2456473.471927	12.444577	0.015660
56473.472031	2456473.472031	12.445763	0.015661
56473.472135	2456473.472135	12.470956	0.015880
56474.471927	2456474.471927	12.374448	0.015139
56474.472043	2456474.472043	12.375354	0.015210
56474.472147	2456474.472147	12.356544	0.015033
56475.486730	2456475.486730	12.461154	0.015816
56475.486834	2456475.486834	12.446582	0.015657
56475.486950	2456475.486950	12.483072	0.015871
56476.488883	2456476.488883	12.425137	0.015988
56476.488999	2456476.488999	12.387930	0.015288
56476.489103	2456476.489103	12.383628	0.015569
56477.481510	2456477.481510	12.415249	0.015600
56477.481615	2456477.481615	12.398157	0.015625
56477.481719	2456477.481719	12.407236	0.015516
56479.574219	2456479.574219	12.118588	0.023623
56479.574323	2456479.574323	12.180380	0.024732
56479.574427	2456479.574427	12.137763	0.025965
56481.502656	2456481.502656	12.459376	0.015236
56481.502760	2456481.502760	12.426134	0.015072
56481.502876	2456481.502876	12.481735	0.015330
56482.642135	2456482.642135	12.364729	0.017300
56482.642240	2456482.642240	12.338821	0.018355
56482.642344	2456482.642344	12.353982	0.016286
56484.474554	2456484.474554	12.516663	0.032468
56484.474659	2456484.474659	12.354180	0.029416
56484.474774	2456484.474774	12.484059	0.031643
56485.474890	2456485.474890	12.434193	0.016241
56485.474994	2456485.474994	12.419959	0.016615
56485.475098	2456485.475098	12.458024	0.017097
56486.487332	2456486.487332	12.471996	0.015318
56486.487436	2456486.487436	12.440942	0.015250
56486.487541	2456486.487541	12.465478	0.015370
56487.514902	2456487.514902	12.400387	0.014748
56487.515017	2456487.515017	12.442343	0.015147
56487.515133	2456487.515133	12.478237	0.015303
56488.526071	2456488.526071	12.496580	0.015065
56488.526186	2456488.526186	12.438668	0.014904
56488.526291	2456488.526291	12.439475	0.014851
56489.476684	2456489.476684	12.410472	0.014819
56489.476788	2456489.476788	12.409914	0.014739
56489.476904	2456489.476904	12.408354	0.014827
56490.476823	2456490.476823	12.390051	0.014712
56490.476939	2456490.476939	12.400639	0.014838
56490.477043	2456490.477043	12.374632	0.014663
56491.476765	2456491.476765	12.415521	0.014738
56491.476881	2456491.476881	12.448952	0.014919
56491.476985	2456491.476985	12.498563	0.015260
56492.477529	2456492.477529	12.317710	0.016004
56492.477645	2456492.477645	12.392456	0.016127
56492.477749	2456492.477749	12.356355	0.016325
56494.484809	2456494.484809	12.441540	0.015115
56494.484913	2456494.484913	12.407876	0.015047
56494.485029	2456494.485029	12.406563	0.014943
56495.635712	2456495.635712	12.381954	0.021196
56495.635828	2456495.635828	12.328967	0.018716
56495.635932	2456495.635932	12.343592	0.017972
56496.478744	2456496.478744	12.380991	0.014337
56496.478860	2456496.478860	12.431585	0.014616
56496.478964	2456496.478964	12.386813	0.014294
56497.478733	2456497.478733	12.539051	0.016180
56497.478848	2456497.478848	12.512116	0.016013
56497.478953	2456497.478953	12.530277	0.016110
56498.495237	2456498.495237	12.487127	0.016285
56498.495341	2456498.495341	12.513921	0.016321
56498.495457	2456498.495457	12.566440	0.016724
56500.509416	2456500.509416	12.331785	0.013776
56500.509520	2456500.509520	12.322540	0.013668
56500.509624	2456500.509624	12.370802	0.014108
56502.480179	2456502.480179	12.395013	0.031797
56502.480284	2456502.480284	12.389788	0.026666
56502.480399	2456502.480399	12.280509	0.031972
56503.654902	2456503.654902	12.468589	0.017158
56503.655017	2456503.655017	12.428950	0.017059
56503.655122	2456503.655122	12.496409	0.017635
56504.481314	2456504.481314	12.461334	0.021828
56504.481418	2456504.481418	12.549058	0.028210
56504.481522	2456504.481522	12.452202	0.027557
56509.482552	2456509.482552	12.441214	0.015182
56509.482656	2456509.482656	12.421701	0.015071
56509.482760	2456509.482760	12.429580	0.015089
56510.538964	2456510.538964	12.487570	0.015760
56510.539068	2456510.539068	12.481826	0.015697
56510.539184	2456510.539184	12.456076	0.015608
56511.483837	2456511.483837	12.431455	0.015190
56511.483953	2456511.483953	12.434109	0.015366
56511.484068	2456511.484068	12.442230	0.015351
56513.563339	2456513.563339	12.599226	0.018330
56513.563455	2456513.563455	12.579494	0.018094
56513.563571	2456513.563571	12.609110	0.018427
56514.484902	2456514.484902	12.462089	0.015430
56514.485017	2456514.485017	12.479766	0.015452
56514.485122	2456514.485122	12.496878	0.015484
58207.902888	2458207.902888	12.339958	0.014902
58208.589531	2458208.589531	12.405200	0.016623
58208.632054	2458208.632054	12.360546	0.015901
58208.675098	2458208.675098	12.389243	0.015023
58208.718582	2458208.718582	12.354740	0.014776
58208.765341	2458208.765341	12.202720	0.015840
58208.808536	2458208.808536	12.251496	0.016628
58208.895897	2458208.895897	12.309115	0.017157
58209.692459	2458209.692459	12.336581	0.014888
58209.735457	2458209.735457	12.344873	0.014746
58209.802020	2458209.802020	12.230083	0.015448
58209.844334	2458209.844334	12.229656	0.015464
58209.887193	2458209.887193	12.332589	0.017087
58210.619774	2458210.619774	12.451419	0.016493
58210.672031	2458210.672031	12.377013	0.015836
58210.731244	2458210.731244	12.422845	0.015070
58210.774091	2458210.774091	12.352326	0.016233
58210.831406	2458210.831406	12.317850	0.016463
58211.717066	2458211.717066	12.357189	0.014402
58211.776140	2458211.776140	12.269223	0.014869
58211.818652	2458211.818652	12.276001	0.015122
58211.861128	2458211.861128	12.348957	0.015542
58211.903490	2458211.903490	12.338831	0.016059
58212.783235	2458212.783235	12.168841	0.012699
58212.825735	2458212.825735	12.221164	0.013098
58212.869149	2458212.869149	12.211579	0.014159
58213.688999	2458213.688999	12.453774	0.014132
58213.771001	2458213.771001	12.317868	0.014132
58213.821013	2458213.821013	12.347175	0.014306
58213.883073	2458213.883073	12.381488	0.014495
58215.487679	2458215.487679	12.419438	0.017256
58215.860793	2458215.860793	12.538012	0.017713
58217.851985	2458217.851985	12.263070	0.012756
58217.893964	2458217.893964	12.395441	0.015757
58218.484508	2458218.484508	12.413083	0.017078
58218.545214	2458218.545214	12.408966	0.016233
58218.594485	2458218.594485	12.385641	0.015493
58218.642633	2458218.642633	12.431913	0.020957
58218.685943	2458218.685943	12.429025	0.019061
58218.728883	2458218.728883	12.477830	0.039988
58220.862263	2458220.862263	12.441581	0.014751
58221.481603	2458221.481603	12.496567	0.017628
58221.551337	2458221.551337	12.449547	0.015798
58221.661418	2458221.661418	12.451205	0.015207
58221.708675	2458221.708675	12.417199	0.015020
58221.768177	2458221.768177	12.318554	0.015725
58221.819334	2458221.819334	12.361085	0.016149
58221.861441	2458221.861441	12.394388	0.016219
58222.488189	2458222.488189	12.364107	0.015306
58222.537112	2458222.537112	12.438552	0.015327
58222.580006	2458222.580006	12.434206	0.015081
58222.622263	2458222.622263	12.452867	0.014867
58222.665538	2458222.665538	12.465475	0.014485
58222.714473	2458222.714473	12.462990	0.014329
58222.757297	2458222.757297	12.323798	0.014383
58222.801881	2458222.801881	12.351031	0.014721
58222.844705	2458222.844705	12.376330	0.014956
58222.887552	2458222.887552	12.332024	0.015114
58223.480133	2458223.480133	12.496420	0.015840
58223.522911	2458223.522911	12.495650	0.015381
58223.571221	2458223.571221	12.512398	0.015400
58223.613501	2458223.613501	12.513276	0.014949
58223.675388	2458223.675388	12.487248	0.014553
58223.717749	2458223.717749	12.485537	0.014422
58223.760388	2458223.760388	12.370842	0.014782
58223.804809	2458223.804809	12.437117	0.014765
58223.849369	2458223.849369	12.430408	0.014713
58223.907286	2458223.907286	12.381421	0.015259
58224.479971	2458224.479971	12.451676	0.016408
58224.532471	2458224.532471	12.409702	0.015573
58224.581152	2458224.581152	12.418948	0.014420
58224.642378	2458224.642378	12.415646	0.014007
58224.685087	2458224.685087	12.404351	0.013929
58224.735955	2458224.735955	12.286902	0.013780
58224.778547	2458224.778547	12.322566	0.014267
58224.826568	2458224.826568	12.310739	0.014167
58224.868675	2458224.868675	12.318145	0.014386
58224.911302	2458224.911302	12.303725	0.014867
58225.479277	2458225.479277	12.372799	0.015988
58225.555573	2458225.555573	12.397808	0.017515
58225.598883	2458225.598883	12.429907	0.018329
58225.671881	2458225.671881	12.417131	0.014469
58225.717645	2458225.717645	12.333390	0.014582
58225.776487	2458225.776487	12.324330	0.014548
58225.834230	2458225.834230	12.474944	0.015307
58225.889485	2458225.889485	12.399301	0.015180
58226.484936	2458226.484936	12.549195	0.016744
58226.658953	2458226.658953	12.557138	0.015086
58226.700955	2458226.700955	12.491022	0.014578
58226.743883	2458226.743883	12.493138	0.014921
58226.786383	2458226.786383	12.405614	0.014554
58226.828825	2458226.828825	12.488866	0.014991
58226.870874	2458226.870874	12.352651	0.014858
58226.913432	2458226.913432	12.467836	0.015851
58227.482865	2458227.482865	12.415635	0.015908
58227.599983	2458227.599983	12.457670	0.014942
58227.692691	2458227.692691	12.419244	0.014553
58227.763513	2458227.763513	12.310215	0.014742
58227.805723	2458227.805723	12.324540	0.014930
58227.848432	2458227.848432	12.414913	0.015545
58227.890932	2458227.890932	12.339195	0.015534
58228.483686	2458228.483686	12.448362	0.015748
58228.526186	2458228.526186	12.428099	0.015257
58228.568547	2458228.568547	12.404326	0.015168
58228.611117	2458228.611117	12.389045	0.014740
58228.653385	2458228.653385	12.402500	0.014631
58228.710260	2458228.710260	12.293601	0.014571
58228.803675	2458228.803675	12.317706	0.014971
58228.865978	2458228.865978	12.376205	0.015290
58228.908142	2458228.908142	12.326222	0.015626
58229.676846	2458229.676846	12.551039	0.012358
58229.737101	2458229.737101	12.360269	0.012274
58229.796013	2458229.796013	12.348199	0.012314
58229.872309	2458229.872309	12.346230	0.012634
58229.914716	2458229.914716	12.367047	0.013168
58230.477494	2458230.477494	12.478758	0.013001
58230.573131	2458230.573131	12.427712	0.011971
58230.728964	2458230.728964	12.295026	0.011984
58230.829300	2458230.829300	12.315746	0.012409
58230.892506	2458230.892506	12.283323	0.012573
58231.647483	2458231.647483	12.395006	0.013114
58231.701557	2458231.701557	12.301343	0.014258
58231.861128	2458231.861128	12.323874	0.018061
58232.597054	2458232.597054	12.471326	0.011982
58233.556476	2458233.556476	12.478056	0.011928
58233.602946	2458233.602946	12.437364	0.011653
58233.661707	2458233.661707	12.431516	0.011648
58233.884971	2458233.884971	12.361043	0.019065
58235.775203	2458235.775203	12.383976	0.056989
58235.901510	2458235.901510	12.377319	0.013584
58236.570446	2458236.570446	12.460908	0.012882
58236.625897	2458236.625897	12.416507	0.022292
58236.677378	2458236.677378	12.434021	0.019543
58236.720191	2458236.720191	12.301548	0.012355
58236.762436	2458236.762436	12.260089	0.012624
58236.884184	2458236.884184	12.277860	0.014289
58084.845376	2458084.845376	12.263123	0.013251
58086.842656	2458086.842656	12.335502	0.013860
58091.844728	2458091.844728	12.386690	0.020551
58093.843698	2458093.843698	12.299572	0.013366
58095.842622	2458095.842622	12.429176	0.015477
58097.820411	2458097.820411	12.373144	0.014901
58101.799149	2458101.799149	12.363930	0.014189
58101.844323	2458101.844323	12.384871	0.013071
58102.840422	2458102.840422	12.377196	0.017529
58103.804103	2458103.804103	12.429140	0.015585
58104.791024	2458104.791024	12.536904	0.015896
58104.841510	2458104.841510	12.449384	0.014364
58105.799219	2458105.799219	12.428942	0.014839
58106.785700	2458106.785700	12.413279	0.015332
58106.828490	2458106.828490	12.349650	0.014143
58108.802147	2458108.802147	12.481195	0.015824
58109.794531	2458109.794531	12.495293	0.016904
58110.806916	2458110.806916	12.391017	0.014235
58111.772459	2458111.772459	12.434904	0.015745
58111.815700	2458111.815700	12.414634	0.014323
58112.790237	2458112.790237	12.358418	0.013840
58112.832946	2458112.832946	12.331484	0.013341
58113.767841	2458113.767841	12.265687	0.013652
58113.825469	2458113.825469	12.353705	0.013198
58114.763837	2458114.763837	12.384276	0.013949
58114.806557	2458114.806557	12.388698	0.013226
58115.771672	2458115.771672	12.261239	0.014086
58115.814705	2458115.814705	12.432938	0.013831
58116.773582	2458116.773582	12.290631	0.014799
58116.816233	2458116.816233	12.303084	0.013220
58117.758779	2458117.758779	12.507809	0.021352
58117.801800	2458117.801800	12.415160	0.015454
58117.844624	2458117.844624	12.451486	0.014425
58118.810318	2458118.810318	12.394821	0.015978
58119.755816	2458119.755816	12.362075	0.021034
58119.798709	2458119.798709	12.372644	0.016465
58119.841672	2458119.841672	12.265295	0.014312
58121.744601	2458121.744601	12.370766	0.022076
58121.787182	2458121.787182	12.365968	0.016636
58121.829531	2458121.829531	12.368833	0.014974
58122.742112	2458122.742112	12.345305	0.019338
58122.815955	2458122.815955	12.314026	0.014615
58123.739369	2458123.739369	12.426860	0.021117
58123.781881	2458123.781881	12.368205	0.016851
58123.824878	2458123.824878	12.397459	0.016142
58124.736834	2458124.736834	12.364258	0.013918
58124.779624	2458124.779624	12.337595	0.012954
58124.822367	2458124.822367	12.378276	0.013078
58125.734068	2458125.734068	12.326297	0.014962
58125.776672	2458125.776672	12.357304	0.013857
58125.819311	2458125.819311	12.349193	0.013588
58126.744693	2458126.744693	12.310531	0.013998
58126.787367	2458126.787367	12.300227	0.013221
58126.829867	2458126.829867	12.373351	0.014644
58127.728050	2458127.728050	12.519673	0.016682
58127.770492	2458127.770492	12.366484	0.013381
58127.812992	2458127.812992	12.372378	0.013012
58127.855804	2458127.855804	12.349532	0.012747
58128.734462	2458128.734462	12.338937	0.014067
58128.777054	2458128.777054	12.344263	0.014481
58128.819520	2458128.819520	12.321884	0.013866
58129.723223	2458129.723223	12.457481	0.018875
58129.787529	2458129.787529	12.421942	0.015306
58130.856696	2458130.856696	12.465367	0.015322
58133.786707	2458133.786707	12.627141	0.016971
58133.848848	2458133.848848	12.586912	0.015772
58134.713200	2458134.713200	12.288305	0.013862
58134.755932	2458134.755932	12.398020	0.013832
58134.798524	2458134.798524	12.336761	0.013363
58134.847459	2458134.847459	12.354248	0.012852
58135.801997	2458135.801997	12.320646	0.012682
58135.847760	2458135.847760	12.343566	0.012753
58136.715561	2458136.715561	12.341668	0.013705
58136.758455	2458136.758455	12.382888	0.013220
58136.800909	2458136.800909	12.341905	0.012613
58137.709832	2458137.709832	12.536432	0.016994
58137.763501	2458137.763501	12.450407	0.015081
58137.806244	2458137.806244	12.503438	0.015154
58137.848791	2458137.848791	12.440661	0.014522
58138.699624	2458138.699624	12.458516	0.017271
58138.745828	2458138.745828	12.445138	0.015489
58138.788640	2458138.788640	12.445461	0.014969
58138.831360	2458138.831360	12.451839	0.014631
58139.695307	2458139.695307	12.445321	0.016927
58139.738223	2458139.738223	12.334750	0.013480
58139.781186	2458139.781186	12.360922	0.013200
58139.823374	2458139.823374	12.392810	0.013049
58140.692957	2458140.692957	12.378287	0.014689
58140.740179	2458140.740179	12.369963	0.013615
58140.785145	2458140.785145	12.393780	0.013508
58140.827587	2458140.827587	12.421098	0.013256
58141.692726	2458141.692726	12.370176	0.015003
58141.744392	2458141.744392	12.338120	0.014010
58141.792668	2458141.792668	12.375536	0.013703
58141.856487	2458141.856487	12.346696	0.013026
58142.803385	2458142.803385	12.467424	0.015055
58142.864057	2458142.864057	12.448510	0.014550
58143.691892	2458143.691892	12.622516	0.018536
58144.797564	2458144.797564	12.368806	0.013678
58145.695179	2458145.695179	12.244448	0.014886
58145.745712	2458145.745712	12.332796	0.013305
58145.788767	2458145.788767	12.358186	0.013438
58145.860457	2458145.860457	12.368159	0.013010
58146.720573	2458146.720573	12.407557	0.018876
58146.788791	2458146.788791	12.412347	0.014791
58146.860932	2458146.860932	12.387749	0.013844
58147.674207	2458147.674207	12.278020	0.013215
58147.717274	2458147.717274	12.330599	0.014349
58147.762251	2458147.762251	12.369845	0.013803
58147.804994	2458147.804994	12.457742	0.014471
58147.863663	2458147.863663	12.485355	0.014876
58163.727240	2458163.727240	12.365439	0.014003
58172.690515	2458172.690515	12.396687	0.013810
58172.735538	2458172.735538	12.381250	0.013498
58174.671545	2458174.671545	12.243340	0.012259
58174.714450	2458174.714450	12.333039	0.012956
58175.602031	2458175.602031	12.386879	0.016913
58175.648189	2458175.648189	12.438452	0.015959
58175.690677	2458175.690677	12.386553	0.015173
58175.733061	2458175.733061	12.417831	0.014398
58175.781869	2458175.781869	12.374159	0.013069
58175.882645	2458175.882645	12.275795	0.013651
58176.675480	2458176.675480	12.353659	0.014192
58176.717691	2458176.717691	12.308889	0.012677
58176.768872	2458176.768872	12.365719	0.013060
58176.851499	2458176.851499	12.284214	0.014161
58178.722946	2458178.722946	12.426774	0.014855
58178.781244	2458178.781244	12.410702	0.014007
58178.838466	2458178.838466	12.359020	0.012948
58178.880503	2458178.880503	12.314940	0.013559
58179.631059	2458179.631059	12.353971	0.018336
58179.765237	2458179.765237	12.377259	0.015471
58179.811221	2458179.811221	12.356560	0.015071
58180.586441	2458180.586441	12.437176	0.023398
58180.629149	2458180.629149	12.344561	0.018200
58180.730017	2458180.730017	12.354971	0.015621
58180.784149	2458180.784149	12.324698	0.014738
58180.886453	2458180.886453	12.230666	0.014748
58181.580770	2458181.580770	12.443089	0.020184
58181.623513	2458181.623513	12.423232	0.017588
58181.666360	2458181.666360	12.423969	0.016235
58181.709751	2458181.709751	12.457204	0.015839
58181.752263	2458181.752263	12.417689	0.015060
58181.795503	2458181.795503	12.436884	0.014654
58181.838779	2458181.838779	12.295246	0.014579
58181.886834	2458181.886834	12.267975	0.014645
58182.588617	2458182.588617	12.464992	0.019504
58182.639693	2458182.639693	12.390798	0.017299
58182.682367	2458182.682367	12.368406	0.015552
58182.754797	2458182.754797	12.401925	0.014612
58182.797807	2458182.797807	12.396724	0.014470
58182.840480	2458182.840480	12.205274	0.014363
58182.888490	2458182.888490	12.238177	0.014792
58183.575376	2458183.575376	12.339444	0.015459
58183.647367	2458183.647367	12.341777	0.015001
58183.690064	2458183.690064	12.349107	0.014900
58183.775723	2458183.775723	12.338613	0.014262
58183.825781	2458183.825781	12.346138	0.013957
58183.875446	2458183.875446	12.206910	0.014309
58184.602517	2458184.602517	12.466380	0.017285
58184.668073	2458184.668073	12.429140	0.014857
58184.710272	2458184.710272	12.366737	0.014082
58184.753189	2458184.753189	12.446532	0.014603
58184.796464	2458184.796464	12.445399	0.014124
58184.856499	2458184.856499	12.274887	0.013864
58185.572413	2458185.572413	12.279375	0.015166
58185.615226	2458185.615226	12.435932	0.014951
58185.673050	2458185.673050	12.387474	0.014202
58185.736591	2458185.736591	12.407581	0.014579
58185.782020	2458185.782020	12.388764	0.014570
58185.826811	2458185.826811	12.282705	0.013973
58185.871499	2458185.871499	12.273606	0.013277
58186.613860	2458186.613860	12.365439	0.014692
58186.680330	2458186.680330	12.342998	0.013692
58186.723837	2458186.723837	12.304962	0.013289
58186.766429	2458186.766429	12.334614	0.013224
58186.808883	2458186.808883	12.341937	0.013142
58186.851557	2458186.851557	12.196288	0.013257
58186.893825	2458186.893825	12.253733	0.013247
58187.580735	2458187.580735	12.419782	0.014478
58187.633976	2458187.633976	12.377389	0.013604
58187.686418	2458187.686418	12.408479	0.013584
58187.729045	2458187.729045	12.386840	0.013467
58187.771429	2458187.771429	12.414438	0.013244
58187.814300	2458187.814300	12.349416	0.012792
58187.858987	2458187.858987	12.280161	0.013023
58189.575133	2458189.575133	12.377612	0.015193
58189.645168	2458189.645168	12.333723	0.014063
58189.690052	2458189.690052	12.315456	0.013082
58189.745515	2458189.745515	12.351186	0.013476
58189.788374	2458189.788374	12.361304	0.013484
58189.831765	2458189.831765	12.164787	0.012736
58189.874855	2458189.874855	12.206162	0.012733
58190.556163	2458190.556163	12.243006	0.013914
58190.598860	2458190.598860	12.391110	0.014550
58190.641591	2458190.641591	12.326763	0.013498
58190.684045	2458190.684045	12.421420	0.014351
